t # 0 150
v 0 6
v 1 8
v 2 6
v 3 6
v 4 6
v 5 7
v 6 6
v 7 6
v 8 7
v 9 6
v 10 6
v 11 6
v 12 6
v 13 8
v 14 6
v 15 6
v 16 6
v 17 6
v 18 6
v 19 6
v 20 6
v 21 6
v 22 6
v 23 6
v 24 6
v 25 8
v 26 8
v 27 6
v 28 6
v 29 6
e 0 1 1
e 1 2 1
e 2 3 1
e 3 4 4
e 4 5 4
e 5 6 4
e 6 7 4
e 7 8 4
e 8 9 4
e 9 10 4
e 10 11 4
e 11 12 4
e 12 13 1
e 13 14 1
e 14 15 1
e 15 16 4
e 16 17 4
e 17 18 4
e 18 19 4
e 19 20 4
e 12 21 4
e 21 22 4
e 22 23 4
e 4 24 1
e 24 25 2
e 24 26 1
e 26 27 1
e 27 28 1
e 27 29 1
e 20 15 4
e 22 9 4
e 23 3 4
e 23 7 4

t # 0 119
v 0 6
v 1 6
v 2 6
v 3 6
v 4 8
v 5 7
v 6 6
v 7 6
v 8 6
v 9 6
v 10 8
v 11 6
v 12 6
v 13 8
v 14 6
v 15 7
v 16 6
v 17 6
v 18 6
v 19 6
v 20 6
v 21 6
v 22 6
v 23 8
e 0 1 1
e 1 2 1
e 2 3 1
e 3 4 2
e 3 5 1
e 5 6 1
e 6 7 4
e 7 8 4
e 8 9 4
e 9 10 1
e 10 11 1
e 11 12 1
e 12 13 1
e 12 14 1
e 14 15 1
e 15 16 1
e 16 17 1
e 16 18 1
e 9 19 4
e 19 20 4
e 19 21 1
e 21 22 1
e 21 23 2
e 20 6 4

t # 0 109
v 0 6
v 1 6
v 2 6
v 3 35
v 4 6
v 5 6
v 6 6
v 7 8
v 8 7
v 9 6
v 10 8
v 11 7
v 12 6
v 13 6
v 14 8
e 0 1 1
e 1 2 1
e 2 3 1
e 2 4 1
e 4 5 1
e 2 6 1
e 6 7 2
e 6 8 1
e 8 9 1
e 9 10 2
e 9 11 1
e 11 12 1
e 12 13 1
e 12 14 2

t # 0 149
v 0 8
v 1 6
v 2 8
v 3 6
v 4 8
v 5 6
v 6 8
v 7 6
v 8 6
v 9 6
v 10 6
v 11 6
v 12 6
v 13 6
v 14 7
v 15 6
v 16 6
v 17 17
v 18 6
v 19 6
v 20 6
v 21 6
v 22 17
e 0 1 1
e 1 2 2
e 1 3 1
e 3 4 1
e 4 5 1
e 5 6 2
e 5 7 1
e 7 8 1
e 8 9 4
e 9 10 4
e 10 11 4
e 11 12 4
e 12 13 4
e 13 14 1
e 14 15 1
e 15 16 4
e 16 17 1
e 16 18 4
e 18 19 4
e 19 20 4
e 20 21 4
e 21 22 1
e 13 8 4
e 21 15 4

t # 0 289
v 0 6
v 1 6
v 2 8
v 3 7
v 4 6
v 5 6
v 6 6
v 7 6
v 8 6
v 9 6
v 10 16
v 11 8
v 12 8
v 13 6
v 14 6
v 15 6
v 16 6
v 17 7
v 18 6
v 19 6
v 20 8
v 21 6
v 22 6
e 0 1 1
e 1 2 2
e 1 3 1
e 3 4 1
e 4 5 4
e 5 6 4
e 6 7 4
e 7 8 4
e 8 9 4
e 7 10 1
e 10 11 2
e 10 12 2
e 10 13 1
e 13 14 4
e 14 15 4
e 15 16 4
e 16 17 1
e 17 18 1
e 18 19 1
e 18 20 2
e 16 21 4
e 21 22 4
e 9 4 4
e 22 13 4

t # 0 194
v 0 7
v 1 6
v 2 6
v 3 6
v 4 6
v 5 6
v 6 6
v 7 16
v 8 8
v 9 8
v 10 6
v 11 6
v 12 6
v 13 6
v 14 7
v 15 6
v 16 6
v 17 8
v 18 8
v 19 6
v 20 6
e 0 1 1
e 1 2 4
e 2 3 4
e 3 4 4
e 4 5 4
e 5 6 4
e 4 7 1
e 7 8 2
e 7 9 2
e 7 10 1
e 10 11 4
e 11 12 4
e 12 13 4
e 13 14 1
e 14 15 1
e 15 16 1
e 16 17 1
e 16 18 2
e 13 19 4
e 19 20 4
e 6 1 4
e 20 10 4

t # 0 197
v 0 6
v 1 6
v 2 8
v 3 7
v 4 6
v 5 6
v 6 6
v 7 6
v 8 7
v 9 8
v 10 6
v 11 8
v 12 8
e 0 1 1
e 1 2 2
e 1 3 1
e 3 4 1
e 4 5 1
e 5 6 1
e 6 7 1
e 7 8 1
e 7 9 2
e 4 10 1
e 10 11 1
e 10 12 2

t # 0 150
v 0 6
v 1 8
v 2 6
v 3 6
v 4 6
v 5 6
v 6 7
v 7 6
v 8 8
v 9 6
v 10 6
v 11 6
v 12 6
v 13 17
v 14 6
v 15 6
v 16 6
v 17 6
v 18 6
v 19 6
v 20 6
v 21 8
v 22 8
v 23 6
v 24 6
v 25 8
v 26 8
v 27 6
v 28 6
e 0 1 1
e 1 2 1
e 2 3 4
e 3 4 4
e 4 5 4
e 5 6 4
e 6 7 1
e 7 8 2
e 7 9 1
e 9 10 4
e 10 11 4
e 11 12 4
e 12 13 1
e 12 14 4
e 14 15 4
e 6 16 4
e 16 17 1
e 16 18 4
e 18 19 1
e 19 20 1
e 20 21 2
e 20 22 1
e 22 23 1
e 23 24 1
e 24 25 1
e 24 26 2
e 18 27 4
e 27 28 4
e 15 9 4
e 27 5 4
e 28 2 4

t # 0 169
v 0 6
v 1 6
v 2 8
v 3 7
v 4 6
v 5 6
v 6 6
v 7 6
v 8 8
v 9 6
v 10 6
e 0 1 1
e 1 2 2
e 1 3 1
e 3 4 1
e 4 5 4
e 5 6 4
e 6 7 4
e 7 8 1
e 7 9 4
e 9 10 4
e 10 4 4

t # 0 187
v 0 6
v 1 6
v 2 8
v 3 7
v 4 6
v 5 6
v 6 6
v 7 6
v 8 8
v 9 6
v 10 8
v 11 6
v 12 6
v 13 6
v 14 6
v 15 6
v 16 6
v 17 8
v 18 6
v 19 6
e 0 1 1
e 1 2 2
e 1 3 1
e 3 4 1
e 4 5 4
e 5 6 4
e 6 7 4
e 7 8 1
e 8 9 1
e 9 10 2
e 9 11 1
e 11 12 4
e 12 13 4
e 13 14 4
e 14 15 4
e 15 16 4
e 16 17 1
e 7 18 4
e 18 19 4
e 16 11 4
e 19 4 4

t # 0 89
v 0 6
v 1 6
v 2 8
v 3 16
v 4 6
v 5 6
v 6 6
v 7 6
v 8 6
v 9 6
v 10 6
v 11 6
v 12 6
v 13 6
v 14 8
v 15 7
v 16 6
v 17 6
v 18 8
v 19 8
v 20 6
v 21 6
v 22 6
v 23 6
v 24 6
v 25 6
v 26 6
e 0 1 1
e 1 2 2
e 1 3 1
e 3 4 1
e 4 5 1
e 5 6 1
e 6 7 1
e 7 8 4
e 8 9 4
e 9 10 4
e 10 11 4
e 11 12 4
e 5 13 1
e 13 14 2
e 13 15 1
e 15 16 1
e 16 17 1
e 17 18 2
e 17 19 1
e 19 20 1
e 20 21 1
e 21 22 4
e 22 23 4
e 23 24 4
e 24 25 4
e 25 26 4
e 12 7 4
e 26 21 4

t # 0 100
v 0 6
v 1 6
v 2 6
v 3 6
v 4 8
v 5 7
v 6 6
v 7 8
v 8 7
v 9 6
v 10 6
v 11 8
v 12 6
v 13 6
v 14 6
v 15 6
v 16 6
v 17 6
e 0 1 1
e 1 2 1
e 2 3 1
e 3 4 2
e 3 5 1
e 5 6 1
e 6 7 2
e 6 8 1
e 8 9 1
e 9 10 1
e 9 11 2
e 2 12 1
e 12 13 4
e 13 14 4
e 14 15 4
e 15 16 4
e 16 17 4
e 17 12 4

t # 0 142.4
v 0 6
v 1 6
v 2 8
v 3 8
v 4 6
v 5 6
v 6 6
v 7 6
v 8 6
v 9 6
v 10 6
v 11 8
v 12 8
e 0 1 1
e 1 2 2
e 1 3 1
e 3 4 1
e 4 5 4
e 5 6 4
e 6 7 4
e 7 8 4
e 8 9 4
e 9 10 1
e 10 11 1
e 10 12 2
e 9 4 4

t # 0 255
v 0 7
v 1 6
v 2 7
v 3 6
v 4 7
v 5 6
v 6 8
v 7 6
v 8 6
v 9 8
v 10 6
v 11 7
v 12 6
v 13 6
v 14 8
v 15 7
e 0 1 1
e 1 2 4
e 2 3 4
e 3 4 4
e 4 5 1
e 5 6 1
e 6 7 1
e 7 8 1
e 8 9 1
e 4 10 4
e 10 11 4
e 11 12 4
e 12 13 4
e 13 14 2
e 13 15 4
e 12 3 4
e 15 1 4

t # 0 176
v 0 6
v 1 6
v 2 8
v 3 6
v 4 6
v 5 6
v 6 8
v 7 6
v 8 8
v 9 8
v 10 6
v 11 6
v 12 6
v 13 6
v 14 6
v 15 6
e 0 1 1
e 1 2 1
e 2 3 1
e 3 4 2
e 4 5 1
e 5 6 2
e 3 7 1
e 7 8 1
e 7 9 2
e 1 10 1
e 10 11 4
e 11 12 4
e 12 13 4
e 13 14 4
e 14 15 4
e 5 1 1
e 15 10 4

t # 0 228
v 0 6
v 1 8
v 2 6
v 3 6
v 4 6
v 5 6
v 6 6
v 7 6
v 8 6
v 9 6
v 10 6
v 11 6
v 12 6
v 13 6
v 14 6
v 15 6
v 16 6
v 17 6
v 18 8
v 19 8
v 20 6
v 21 6
v 22 6
v 23 6
e 0 1 1
e 1 2 1
e 2 3 4
e 3 4 4
e 4 5 1
e 4 6 4
e 6 7 1
e 7 8 2
e 8 9 1
e 9 10 1
e 9 11 2
e 11 12 1
e 12 13 2
e 13 14 1
e 14 15 1
e 14 16 2
e 16 17 1
e 17 18 1
e 17 19 2
e 6 20 4
e 20 21 1
e 20 22 4
e 22 23 1
e 22 2 4

t # 0 159
v 0 8
v 1 7
v 2 6
v 3 8
v 4 6
v 5 16
v 6 8
v 7 6
v 8 6
v 9 6
v 10 6
v 11 6
v 12 6
v 13 6
v 14 6
v 15 6
v 16 6
v 17 6
v 18 6
v 19 6
e 0 1 1
e 1 2 1
e 2 3 2
e 2 4 1
e 4 5 1
e 5 6 2
e 5 7 1
e 7 8 1
e 8 9 4
e 9 10 4
e 10 11 4
e 11 12 4
e 12 13 4
e 7 14 1
e 14 15 4
e 15 16 4
e 16 17 4
e 17 18 4
e 18 19 4
e 13 8 4
e 19 14 4

t # 0 144
v 0 6
v 1 7
v 2 6
v 3 6
v 4 6
v 5 8
v 6 7
v 7 6
v 8 6
v 9 6
v 10 6
v 11 6
v 12 6
v 13 16
v 14 6
v 15 6
v 16 6
v 17 6
v 18 6
v 19 6
e 0 1 1
e 1 2 1
e 1 3 1
e 3 4 1
e 4 5 2
e 4 6 1
e 6 7 1
e 7 8 4
e 8 9 4
e 9 10 4
e 10 11 4
e 11 12 4
e 12 13 1
e 13 14 1
e 14 15 4
e 15 16 4
e 16 17 4
e 17 18 4
e 18 19 4
e 12 7 4
e 19 6 1
e 19 14 4

t # 0 208
v 0 6
v 1 6
v 2 6
v 3 16
v 4 6
v 5 6
v 6 6
v 7 6
v 8 7
v 9 6
v 10 7
v 11 6
v 12 8
v 13 8
v 14 6
v 15 7
v 16 6
v 17 6
e 0 1 1
e 1 2 1
e 2 3 1
e 3 4 1
e 4 5 4
e 5 6 4
e 6 7 4
e 7 8 4
e 8 9 4
e 9 10 1
e 10 11 1
e 11 12 2
e 11 13 1
e 13 14 1
e 9 15 4
e 15 16 4
e 16 17 4
e 16 7 4
e 17 4 4

t # 0 210
v 0 6
v 1 6
v 2 6
v 3 6
v 4 6
v 5 7
v 6 6
v 7 16
v 8 7
v 9 6
v 10 6
v 11 6
v 12 6
v 13 8
e 0 1 1
e 1 2 1
e 1 3 1
e 3 4 1
e 4 5 1
e 5 6 1
e 6 7 2
e 6 8 1
e 8 9 1
e 9 10 1
e 10 11 2
e 8 12 1
e 12 13 2
e 12 4 1

t # 0 92
v 0 8
v 1 6
v 2 8
v 3 6
v 4 6
v 5 6
v 6 6
v 7 6
v 8 8
v 9 6
v 10 6
v 11 6
v 12 6
v 13 17
v 14 6
e 0 1 1
e 1 2 2
e 1 3 1
e 3 4 1
e 4 5 4
e 5 6 4
e 6 7 4
e 7 8 1
e 8 9 1
e 9 10 1
e 10 11 2
e 7 12 4
e 12 13 1
e 12 14 4
e 14 4 4

t # 0 95
v 0 6
v 1 8
v 2 6
v 3 6
v 4 6
v 5 6
v 6 6
v 7 6
v 8 6
v 9 6
v 10 6
v 11 8
v 12 7
v 13 6
v 14 6
v 15 8
v 16 6
v 17 8
e 0 1 1
e 1 2 1
e 2 3 4
e 3 4 4
e 4 5 1
e 5 6 1
e 6 7 2
e 4 8 4
e 8 9 4
e 9 10 1
e 10 11 2
e 10 12 1
e 12 13 1
e 13 14 1
e 14 15 1
e 9 16 4
e 16 17 1
e 16 2 4

t # 0 139
v 0 6
v 1 8
v 2 6
v 3 6
v 4 6
v 5 7
v 6 7
v 7 7
v 8 6
v 9 6
v 10 6
v 11 6
v 12 8
v 13 7
v 14 6
v 15 6
v 16 6
v 17 6
v 18 6
v 19 7
v 20 6
v 21 6
v 22 6
e 0 1 1
e 1 2 1
e 2 3 4
e 3 4 4
e 4 5 4
e 5 6 4
e 6 7 4
e 7 8 4
e 8 9 4
e 9 10 4
e 10 11 1
e 11 12 2
e 11 13 1
e 13 14 1
e 14 15 1
e 15 16 1
e 16 17 1
e 17 18 1
e 18 19 1
e 19 20 1
e 20 21 1
e 21 22 2
e 8 4 4
e 10 2 4
e 19 15 1

t # 0 140
v 0 6
v 1 6
v 2 6
v 3 7
v 4 6
v 5 6
v 6 6
v 7 6
v 8 8
v 9 6
v 10 6
v 11 6
v 12 7
v 13 6
v 14 6
v 15 6
v 16 6
v 17 17
v 18 6
v 19 7
v 20 6
v 21 6
v 22 6
v 23 6
v 24 17
v 25 6
v 26 6
e 0 1 1
e 1 2 1
e 2 3 1
e 3 4 1
e 4 5 1
e 5 6 1
e 3 7 1
e 7 8 2
e 7 9 1
e 9 10 1
e 10 11 4
e 11 12 4
e 12 13 4
e 13 14 4
e 14 15 4
e 15 16 4
e 16 17 1
e 16 18 4
e 18 19 4
e 11 20 1
e 20 21 4
e 21 22 4
e 22 23 4
e 23 24 1
e 23 25 4
e 25 26 4
e 19 10 4
e 19 13 4
e 26 20 4

t # 0 159
v 0 6
v 1 7
v 2 6
v 3 6
v 4 8
v 5 6
v 6 6
v 7 6
v 8 6
v 9 6
v 10 7
v 11 16
v 12 6
v 13 8
v 14 8
v 15 6
e 0 1 1
e 1 2 1
e 2 3 1
e 3 4 1
e 3 5 1
e 5 6 4
e 6 7 4
e 7 8 4
e 8 9 4
e 9 10 1
e 10 11 1
e 11 12 1
e 11 13 2
e 11 14 2
e 9 15 4
e 15 5 4

t # 0 136
v 0 7
v 1 6
v 2 7
v 3 6
v 4 6
v 5 8
v 6 6
v 7 6
v 8 6
v 9 6
v 10 6
v 11 6
e 0 1 1
e 1 2 2
e 2 3 1
e 3 4 1
e 4 5 1
e 4 6 1
e 6 7 4
e 7 8 4
e 8 9 4
e 9 10 4
e 10 11 4
e 5 1 1
e 11 6 4

t # 0 175
v 0 6
v 1 6
v 2 6
v 3 6
v 4 7
v 5 6
v 6 7
v 7 6
v 8 6
v 9 8
v 10 7
v 11 6
v 12 6
v 13 8
e 0 1 1
e 1 2 2
e 1 3 1
e 3 4 1
e 4 5 4
e 5 6 1
e 5 7 4
e 7 8 4
e 8 9 2
e 8 10 4
e 10 11 1
e 10 12 4
e 12 13 2
e 12 4 4

t # 0 113
v 0 7
v 1 6
v 2 6
v 3 6
v 4 6
v 5 8
v 6 6
v 7 6
v 8 6
v 9 6
v 10 6
v 11 7
v 12 6
v 13 8
v 14 6
v 15 6
v 16 6
v 17 6
v 18 6
v 19 6
v 20 6
v 21 8
v 22 6
v 23 6
e 0 1 1
e 1 2 4
e 2 3 4
e 3 4 4
e 4 5 1
e 5 6 1
e 6 7 1
e 7 8 1
e 8 9 1
e 9 10 1
e 10 11 1
e 11 12 1
e 12 13 2
e 12 14 1
e 14 15 4
e 15 16 4
e 16 17 4
e 17 18 4
e 18 19 4
e 19 20 1
e 20 21 2
e 4 22 4
e 22 23 4
e 19 14 4
e 20 11 1
e 23 1 4

t # 0 83
v 0 6
v 1 6
v 2 8
v 3 6
v 4 8
v 5 6
v 6 6
v 7 6
v 8 7
v 9 6
v 10 6
v 11 6
v 12 6
v 13 6
v 14 6
v 15 7
v 16 6
v 17 6
v 18 6
v 19 6
v 20 6
v 21 6
v 22 6
v 23 6
v 24 6
v 25 6
e 0 1 1
e 1 2 1
e 2 3 1
e 3 4 2
e 3 5 1
e 5 6 1
e 6 7 1
e 7 8 1
e 8 9 1
e 9 10 1
e 10 11 1
e 11 12 4
e 12 13 4
e 13 14 4
e 14 15 1
e 14 16 4
e 16 17 4
e 8 18 1
e 18 19 1
e 5 20 1
e 20 21 4
e 21 22 4
e 22 23 4
e 23 24 4
e 24 25 4
e 17 11 4
e 19 5 1
e 25 20 4

t # 0 120
v 0 6
v 1 6
v 2 7
v 3 6
v 4 6
v 5 7
v 6 6
v 7 6
v 8 6
v 9 6
v 10 6
v 11 6
v 12 6
v 13 6
v 14 6
v 15 6
v 16 6
v 17 6
v 18 6
v 19 7
e 0 1 1
e 1 2 1
e 2 3 2
e 3 4 1
e 4 5 1
e 5 6 1
e 6 7 1
e 7 8 4
e 8 9 4
e 9 10 4
e 10 11 4
e 11 12 4
e 5 13 1
e 13 14 4
e 14 15 4
e 15 16 4
e 16 17 4
e 17 18 4
e 3 19 1
e 12 7 4
e 18 13 4
e 19 0 1

t # 0 245
v 0 7
v 1 6
v 2 7
v 3 6
v 4 7
v 5 6
v 6 7
v 7 6
v 8 6
v 9 6
v 10 9
v 11 6
v 12 6
v 13 6
v 14 6
v 15 17
v 16 6
v 17 7
v 18 6
e 0 1 1
e 1 2 4
e 2 3 4
e 3 4 4
e 4 5 4
e 5 6 4
e 6 7 1
e 7 8 1
e 8 9 4
e 9 10 1
e 9 11 4
e 11 12 4
e 12 13 4
e 13 14 4
e 14 15 1
e 6 16 4
e 16 17 4
e 17 18 4
e 14 8 4
e 18 1 4
e 18 5 4

t # 0 146
v 0 6
v 1 6
v 2 6
v 3 7
v 4 6
v 5 6
v 6 8
v 7 6
v 8 8
v 9 6
v 10 6
v 11 6
v 12 6
v 13 6
v 14 6
v 15 7
v 16 8
v 17 6
v 18 6
e 0 1 1
e 1 2 1
e 1 3 1
e 3 4 1
e 4 5 1
e 5 6 1
e 5 7 1
e 7 8 1
e 8 9 1
e 9 10 4
e 10 11 4
e 11 12 4
e 12 13 1
e 13 14 1
e 14 15 1
e 14 16 2
e 12 17 4
e 17 18 4
e 18 9 4

t # 0 114
v 0 6
v 1 7
v 2 6
v 3 6
v 4 6
v 5 6
v 6 6
v 7 6
v 8 6
v 9 8
v 10 6
v 11 8
v 12 6
v 13 6
v 14 8
v 15 6
v 16 6
v 17 6
v 18 6
v 19 6
v 20 6
e 0 1 1
e 1 2 1
e 2 3 1
e 3 4 1
e 4 5 1
e 5 6 1
e 6 7 1
e 7 8 1
e 7 9 1
e 9 10 1
e 10 11 2
e 10 12 1
e 12 13 1
e 13 14 1
e 12 15 1
e 15 16 4
e 16 17 4
e 17 18 4
e 18 19 4
e 19 20 4
e 5 1 1
e 8 2 1
e 20 15 4

t # 0 160
v 0 8
v 1 6
v 2 6
v 3 6
v 4 6
v 5 7
v 6 6
v 7 6
v 8 6
v 9 6
v 10 6
v 11 6
v 12 6
v 13 6
v 14 6
v 15 6
v 16 6
v 17 6
v 18 6
v 19 6
e 0 1 1
e 1 2 1
e 2 3 1
e 3 4 1
e 4 5 1
e 5 6 1
e 6 7 1
e 1 8 1
e 8 9 4
e 9 10 4
e 10 11 4
e 11 12 4
e 12 13 4
e 1 14 1
e 14 15 4
e 15 16 4
e 16 17 4
e 17 18 4
e 18 19 4
e 7 2 1
e 13 8 4
e 19 14 4

t # 0 114
v 0 6
v 1 7
v 2 6
v 3 6
v 4 6
v 5 6
v 6 6
v 7 7
v 8 6
v 9 6
v 10 6
v 11 6
v 12 6
v 13 6
v 14 6
v 15 6
v 16 6
v 17 6
v 18 6
v 19 6
v 20 6
e 0 1 1
e 1 2 1
e 2 3 1
e 3 4 1
e 4 5 1
e 5 6 1
e 4 7 1
e 7 8 1
e 8 9 1
e 9 10 4
e 10 11 4
e 11 12 4
e 12 13 4
e 13 14 4
e 7 15 1
e 15 16 4
e 16 17 4
e 17 18 4
e 18 19 4
e 19 20 4
e 6 1 1
e 14 9 4
e 20 15 4

t # 0 51
v 0 6
v 1 6
v 2 7
v 3 6
v 4 6
v 5 6
v 6 6
v 7 8
v 8 6
v 9 8
v 10 6
v 11 8
v 12 6
v 13 6
v 14 6
v 15 6
v 16 6
v 17 6
v 18 6
v 19 6
v 20 6
v 21 6
v 22 6
v 23 6
e 0 1 1
e 1 2 1
e 2 3 1
e 3 4 1
e 2 5 1
e 5 6 1
e 6 7 1
e 7 8 1
e 8 9 2
e 8 10 1
e 10 11 1
e 10 12 1
e 12 13 4
e 13 14 4
e 14 15 4
e 15 16 4
e 16 17 4
e 10 18 1
e 18 19 4
e 19 20 4
e 20 21 4
e 21 22 4
e 22 23 4
e 17 12 4
e 23 18 4

t # 0 170
v 0 9
v 1 6
v 2 6
v 3 6
v 4 6
v 5 6
v 6 6
v 7 6
v 8 8
v 9 6
v 10 6
v 11 6
v 12 7
v 13 6
v 14 6
v 15 6
v 16 6
v 17 6
v 18 7
v 19 6
v 20 8
v 21 7
v 22 6
v 23 6
v 24 6
v 25 6
v 26 6
v 27 6
e 0 1 1
e 1 2 4
e 2 3 4
e 3 4 4
e 4 5 4
e 5 6 4
e 4 7 1
e 7 8 2
e 7 9 1
e 9 10 1
e 10 11 1
e 11 12 1
e 12 13 1
e 13 14 1
e 14 15 1
e 15 16 1
e 16 17 1
e 15 18 1
e 18 19 4
e 19 20 2
e 19 21 4
e 21 22 4
e 22 23 4
e 23 24 4
e 24 25 4
e 25 26 4
e 26 27 4
e 6 1 4
e 17 12 1
e 27 18 4
e 27 22 4

t # 0 124.3
v 0 6
v 1 6
v 2 6
v 3 8
v 4 6
v 5 6
v 6 6
v 7 6
v 8 6
v 9 6
v 10 6
v 11 6
v 12 8
v 13 6
v 14 6
v 15 6
v 16 6
v 17 8
v 18 6
v 19 6
e 0 1 1
e 1 2 1
e 2 3 4
e 3 4 4
e 4 5 4
e 5 6 4
e 6 7 4
e 7 8 4
e 8 9 4
e 9 10 4
e 10 11 1
e 11 12 2
e 11 13 1
e 13 14 4
e 14 15 4
e 15 16 4
e 16 17 1
e 16 18 4
e 18 19 4
e 9 4 4
e 10 2 4
e 19 13 4

t # 0 122.4
v 0 8
v 1 6
v 2 8
v 3 6
v 4 6
v 5 6
v 6 6
v 7 6
v 8 6
e 0 1 1
e 1 2 2
e 1 3 1
e 3 4 4
e 4 5 4
e 5 6 4
e 6 7 4
e 7 8 4
e 8 3 4

t # 0 160
v 0 6
v 1 7
v 2 6
v 3 6
v 4 6
v 5 6
v 6 8
v 7 6
v 8 7
v 9 7
v 10 6
v 11 6
v 12 6
v 13 6
v 14 6
v 15 6
v 16 6
v 17 6
v 18 6
v 19 6
v 20 6
v 21 6
v 22 6
e 0 1 1
e 1 2 1
e 1 3 1
e 3 4 1
e 4 5 1
e 5 6 1
e 6 7 1
e 7 8 4
e 8 9 4
e 9 10 1
e 10 11 1
e 11 12 4
e 12 13 4
e 13 14 4
e 14 15 4
e 15 16 4
e 9 17 4
e 17 18 4
e 18 19 4
e 19 20 4
e 20 21 4
e 21 22 4
e 16 11 4
e 22 7 4
e 22 17 4

t # 0 186
v 0 6
v 1 6
v 2 6
v 3 8
v 4 6
v 5 6
v 6 6
v 7 6
v 8 6
v 9 6
v 10 7
v 11 6
v 12 8
v 13 6
v 14 6
v 15 6
v 16 6
v 17 17
v 18 6
v 19 6
v 20 6
v 21 6
v 22 6
v 23 8
v 24 8
e 0 1 1
e 1 2 1
e 1 3 1
e 3 4 1
e 4 5 4
e 5 6 4
e 6 7 4
e 7 8 1
e 8 9 1
e 9 10 1
e 10 11 1
e 11 12 2
e 11 13 1
e 13 14 4
e 14 15 4
e 15 16 4
e 16 17 1
e 16 18 4
e 18 19 4
e 7 20 4
e 20 21 4
e 1 22 1
e 22 23 1
e 22 24 2
e 19 13 4
e 21 4 4

t # 0 153
v 0 6
v 1 6
v 2 6
v 3 6
v 4 8
v 5 6
v 6 6
v 7 6
v 8 6
v 9 6
v 10 6
v 11 8
v 12 7
v 13 8
v 14 6
v 15 6
e 0 1 1
e 1 2 1
e 2 3 1
e 3 4 1
e 4 5 1
e 5 6 4
e 6 7 4
e 7 8 4
e 8 9 1
e 9 10 1
e 10 11 2
e 10 12 1
e 12 13 1
e 8 14 4
e 14 15 4
e 15 5 4

t # 0 107
v 0 6
v 1 6
v 2 6
v 3 6
v 4 7
v 5 6
v 6 6
v 7 6
v 8 6
v 9 6
v 10 6
v 11 8
v 12 7
v 13 6
v 14 6
v 15 6
v 16 6
v 17 6
v 18 6
v 19 6
v 20 6
e 0 1 1
e 1 2 1
e 2 3 1
e 3 4 1
e 4 5 1
e 5 6 1
e 6 7 1
e 7 8 1
e 8 9 1
e 9 10 1
e 10 11 2
e 10 12 1
e 12 13 1
e 13 14 4
e 14 15 1
e 14 16 4
e 16 17 4
e 17 18 4
e 18 19 4
e 19 20 1
e 9 4 1
e 19 13 4

t # 0 209
v 0 6
v 1 8
v 2 6
v 3 6
v 4 6
v 5 6
v 6 6
v 7 6
v 8 6
v 9 6
v 10 8
v 11 6
v 12 6
v 13 6
v 14 6
v 15 6
v 16 6
v 17 6
v 18 6
v 19 6
v 20 6
v 21 8
v 22 6
v 23 8
v 24 6
v 25 6
v 26 6
v 27 6
v 28 7
v 29 6
v 30 6
v 31 6
v 32 6
v 33 6
e 0 1 1
e 1 2 1
e 2 3 1
e 3 4 1
e 4 5 1
e 5 6 1
e 6 7 1
e 7 8 1
e 8 9 1
e 8 10 1
e 8 11 1
e 11 12 1
e 11 13 1
e 11 14 1
e 5 15 1
e 15 16 1
e 16 17 1
e 17 18 4
e 18 19 4
e 19 20 4
e 20 21 1
e 20 22 4
e 22 23 1
e 23 24 1
e 24 25 1
e 25 26 1
e 26 27 1
e 27 28 1
e 28 29 1
e 29 30 1
e 30 31 1
e 31 32 1
e 25 33 1
e 7 2 1
e 24 2 1
e 25 5 1
e 28 15 1
e 32 30 1
e 33 17 4
e 33 22 4

t # 0 40
v 0 8
v 1 6
v 2 6
v 3 8
v 4 6
v 5 8
v 6 7
v 7 6
v 8 6
v 9 6
v 10 6
v 11 6
v 12 6
v 13 6
e 0 1 1
e 1 2 1
e 2 3 1
e 3 4 1
e 4 5 2
e 4 6 1
e 6 7 1
e 7 8 1
e 8 9 4
e 9 10 4
e 10 11 4
e 11 12 4
e 12 13 4
e 13 8 4

t # 0 138
v 0 6
v 1 6
v 2 6
v 3 6
v 4 6
v 5 6
v 6 6
v 7 6
v 8 6
v 9 8
v 10 7
v 11 6
v 12 8
v 13 7
v 14 6
v 15 8
e 0 1 1
e 1 2 1
e 1 3 1
e 3 4 1
e 4 5 1
e 5 6 1
e 6 7 2
e 4 8 1
e 8 9 2
e 8 10 1
e 10 11 1
e 11 12 2
e 11 13 1
e 13 14 1
e 14 15 2
e 14 4 1

t # 0 121
v 0 6
v 1 8
v 2 6
v 3 6
v 4 6
v 5 6
v 6 6
v 7 8
v 8 6
v 9 6
v 10 8
v 11 6
v 12 6
v 13 8
v 14 7
v 15 6
v 16 6
v 17 6
v 18 6
v 19 6
v 20 6
v 21 8
v 22 8
e 0 1 1
e 1 2 1
e 2 3 4
e 3 4 4
e 4 5 4
e 5 6 4
e 6 7 1
e 7 8 1
e 6 9 4
e 9 10 1
e 10 11 1
e 4 12 1
e 12 13 2
e 12 14 1
e 14 15 1
e 15 16 1
e 16 17 1
e 17 18 1
e 18 19 1
e 19 20 1
e 20 21 1
e 20 22 2
e 9 2 4

t # 0 190
v 0 7
v 1 6
v 2 8
v 3 7
v 4 6
v 5 6
v 6 6
v 7 6
v 8 6
v 9 6
v 10 6
v 11 6
v 12 6
v 13 6
v 14 6
v 15 6
v 16 6
v 17 6
e 0 1 1
e 1 2 2
e 1 3 1
e 3 4 1
e 4 5 4
e 5 6 4
e 6 7 4
e 7 8 4
e 8 9 4
e 9 10 1
e 10 11 2
e 11 12 1
e 12 13 4
e 13 14 4
e 14 15 4
e 15 16 4
e 16 17 4
e 9 4 4
e 17 3 1
e 17 12 4

t # 0 142
v 0 6
v 1 7
v 2 6
v 3 8
v 4 8
v 5 6
v 6 6
v 7 6
v 8 6
v 9 6
v 10 6
v 11 6
v 12 6
v 13 6
v 14 6
e 0 1 1
e 1 2 1
e 2 3 2
e 2 4 1
e 4 5 1
e 5 6 4
e 6 7 4
e 7 8 4
e 8 9 4
e 9 10 4
e 10 11 4
e 11 12 4
e 12 13 4
e 13 14 4
e 14 5 4
e 14 9 4

t # 0 144
v 0 6
v 1 6
v 2 6
v 3 6
v 4 7
v 5 6
v 6 8
v 7 7
v 8 16
v 9 8
v 10 8
v 11 6
v 12 6
v 13 6
v 14 6
v 15 7
v 16 6
v 17 6
e 0 1 1
e 1 2 1
e 2 3 1
e 3 4 1
e 4 5 1
e 5 6 2
e 5 7 1
e 7 8 1
e 8 9 2
e 8 10 2
e 8 11 1
e 11 12 4
e 12 13 4
e 13 14 4
e 14 15 1
e 14 16 4
e 16 17 4
e 17 11 4

t # 0 92
v 0 6
v 1 6
v 2 6
v 3 6
v 4 6
v 5 6
v 6 8
v 7 6
v 8 7
v 9 8
v 10 6
v 11 8
v 12 6
v 13 8
v 14 7
v 15 6
v 16 6
v 17 6
e 0 1 1
e 1 2 1
e 2 3 1
e 3 4 1
e 3 5 1
e 5 6 1
e 6 7 1
e 7 8 1
e 7 9 2
e 3 10 1
e 10 11 1
e 11 12 1
e 12 13 2
e 12 14 1
e 14 15 1
e 15 16 1
e 15 17 1

t # 0 203
v 0 7
v 1 6
v 2 8
v 3 6
v 4 7
v 5 6
v 6 6
v 7 6
v 8 6
v 9 6
v 10 6
v 11 6
v 12 8
v 13 6
v 14 8
e 0 1 1
e 1 2 2
e 1 3 1
e 3 4 1
e 4 5 1
e 5 6 1
e 6 7 4
e 7 8 4
e 8 9 4
e 9 10 4
e 10 11 4
e 11 12 1
e 12 13 1
e 13 14 2
e 11 6 4
e 13 4 1

t # 0 110
v 0 6
v 1 6
v 2 7
v 3 6
v 4 6
v 5 6
v 6 8
v 7 7
v 8 6
v 9 6
v 10 6
v 11 6
v 12 8
v 13 6
v 14 6
v 15 8
v 16 6
v 17 7
v 18 6
v 19 6
v 20 6
v 21 6
v 22 6
v 23 6
v 24 6
v 25 6
v 26 8
e 0 1 1
e 1 2 1
e 2 3 1
e 3 4 1
e 2 5 1
e 5 6 2
e 5 7 1
e 7 8 1
e 8 9 4
e 9 10 4
e 10 11 4
e 11 12 1
e 12 13 1
e 13 14 1
e 14 15 1
e 14 16 1
e 16 17 1
e 17 18 1
e 18 19 1
e 18 20 1
e 18 21 1
e 11 22 4
e 22 23 4
e 22 24 1
e 24 25 1
e 24 26 2
e 23 8 4

t # 0 120
v 0 6
v 1 7
v 2 6
v 3 6
v 4 6
v 5 6
v 6 8
v 7 6
v 8 6
v 9 6
v 10 6
v 11 6
v 12 6
v 13 6
v 14 6
v 15 6
v 16 6
v 17 6
v 18 6
v 19 17
e 0 1 1
e 1 2 1
e 1 3 1
e 3 4 1
e 4 5 1
e 5 6 1
e 5 7 1
e 7 8 4
e 8 9 4
e 9 10 4
e 10 11 4
e 11 12 4
e 5 13 1
e 13 14 4
e 14 15 4
e 15 16 4
e 16 17 4
e 17 18 4
e 18 19 1
e 12 7 4
e 18 13 4

t # 0 233
v 0 7
v 1 6
v 2 7
v 3 6
v 4 7
v 5 6
v 6 7
v 7 6
v 8 6
v 9 6
v 10 6
v 11 17
v 12 6
v 13 6
v 14 7
e 0 1 1
e 1 2 4
e 2 3 4
e 3 4 4
e 4 5 4
e 5 6 1
e 6 7 1
e 7 8 4
e 8 9 4
e 9 10 4
e 10 11 1
e 10 12 4
e 12 13 4
e 5 14 4
e 13 7 4
e 14 1 4

t # 0 87
v 0 6
v 1 6
v 2 7
v 3 6
v 4 6
v 5 6
v 6 6
v 7 6
v 8 6
v 9 6
v 10 7
v 11 6
v 12 6
v 13 6
v 14 7
v 15 6
v 16 6
v 17 6
v 18 17
v 19 6
v 20 6
v 21 6
e 0 1 1
e 1 2 1
e 2 3 1
e 3 4 1
e 2 5 1
e 5 6 1
e 6 7 1
e 7 8 1
e 8 9 1
e 8 10 1
e 10 11 1
e 11 12 4
e 12 13 4
e 13 14 4
e 14 15 4
e 15 16 4
e 16 17 4
e 17 18 1
e 17 19 4
e 19 20 4
e 20 21 4
e 21 11 4
e 21 15 4

t # 0 141
v 0 6
v 1 7
v 2 6
v 3 7
v 4 6
v 5 6
v 6 16
v 7 6
v 8 6
v 9 7
v 10 6
v 11 7
v 12 6
v 13 6
v 14 7
v 15 6
v 16 7
e 0 1 1
e 1 2 1
e 2 3 1
e 3 4 1
e 4 5 1
e 5 6 1
e 6 7 1
e 7 8 1
e 8 9 4
e 9 10 4
e 10 11 4
e 11 12 4
e 12 13 1
e 2 14 2
e 14 15 1
e 15 16 3
e 12 8 4

t # 0 266
v 0 8
v 1 6
v 2 8
v 3 6
v 4 6
v 5 7
v 6 6
v 7 6
v 8 6
v 9 6
v 10 6
v 11 6
v 12 7
v 13 6
v 14 6
v 15 7
v 16 6
v 17 6
v 18 6
v 19 9
v 20 6
v 21 6
v 22 6
v 23 8
e 0 1 1
e 1 2 2
e 1 3 1
e 3 4 4
e 4 5 4
e 5 6 1
e 6 7 1
e 7 8 1
e 5 9 4
e 9 10 4
e 10 11 4
e 11 12 1
e 12 13 1
e 13 14 1
e 14 15 1
e 15 16 1
e 16 17 1
e 11 18 4
e 18 19 1
e 18 20 4
e 20 21 4
e 21 22 4
e 22 23 2
e 8 6 1
e 17 12 1
e 21 9 4
e 22 3 4

t # 0 194
v 0 6
v 1 8
v 2 6
v 3 6
v 4 6
v 5 7
v 6 6
v 7 17
v 8 6
v 9 6
v 10 6
v 11 8
v 12 7
v 13 6
v 14 6
v 15 6
v 16 7
v 17 6
v 18 6
v 19 6
v 20 6
v 21 6
v 22 6
v 23 6
v 24 6
v 25 6
e 0 1 1
e 1 2 1
e 2 3 4
e 3 4 4
e 4 5 1
e 4 6 4
e 6 7 1
e 6 8 4
e 8 9 4
e 9 10 1
e 10 11 2
e 10 12 1
e 12 13 1
e 13 14 1
e 14 15 1
e 15 16 1
e 16 17 1
e 17 18 1
e 16 19 1
e 19 20 1
e 20 21 4
e 21 22 4
e 22 23 4
e 23 24 4
e 24 25 4
e 9 2 4
e 18 13 1
e 25 20 4

t # 0 242
v 0 6
v 1 8
v 2 6
v 3 6
v 4 6
v 5 6
v 6 6
v 7 6
v 8 8
v 9 6
v 10 6
v 11 6
v 12 6
v 13 17
v 14 6
v 15 6
v 16 6
v 17 6
v 18 7
v 19 6
v 20 6
v 21 8
v 22 8
v 23 6
v 24 6
e 0 1 1
e 1 2 1
e 2 3 4
e 3 4 4
e 4 5 4
e 5 6 4
e 6 7 1
e 7 8 2
e 7 9 1
e 9 10 4
e 10 11 4
e 11 12 4
e 12 13 1
e 12 14 4
e 14 15 4
e 6 16 4
e 16 17 1
e 16 18 4
e 18 19 1
e 19 20 1
e 20 21 1
e 20 22 2
e 18 23 4
e 23 24 4
e 15 9 4
e 23 5 4
e 24 2 4

t # 0 130
v 0 17
v 1 6
v 2 6
v 3 6
v 4 6
v 5 6
v 6 17
v 7 6
v 8 7
v 9 6
v 10 7
v 11 6
v 12 6
v 13 7
e 0 1 1
e 1 2 4
e 2 3 4
e 3 4 4
e 4 5 4
e 5 6 1
e 5 7 4
e 7 8 1
e 8 9 2
e 9 10 1
e 10 11 1
e 11 12 1
e 12 13 1
e 7 1 4
e 13 9 1

t # 0 82
v 0 6
v 1 6
v 2 6
v 3 6
v 4 7
v 5 6
v 6 6
v 7 8
v 8 6
v 9 8
v 10 6
v 11 6
v 12 6
v 13 17
v 14 6
v 15 6
v 16 6
v 17 17
e 0 1 1
e 1 2 1
e 1 3 1
e 1 4 1
e 4 5 1
e 5 6 1
e 6 7 1
e 6 8 1
e 8 9 1
e 9 10 1
e 10 11 4
e 11 12 4
e 12 13 1
e 12 14 4
e 14 15 4
e 15 16 4
e 16 17 1
e 16 10 4

t # 0 147
v 0 17
v 1 6
v 2 6
v 3 6
v 4 6
v 5 6
v 6 6
v 7 6
v 8 6
v 9 6
v 10 6
v 11 6
v 12 6
v 13 6
v 14 6
v 15 6
v 16 6
v 17 6
v 18 6
v 19 6
v 20 7
v 21 6
v 22 6
v 23 7
v 24 6
e 0 1 1
e 1 2 4
e 2 3 4
e 3 4 4
e 4 5 4
e 5 6 4
e 6 7 1
e 7 8 1
e 8 9 4
e 9 10 4
e 10 11 4
e 11 12 4
e 12 13 4
e 7 14 1
e 14 15 4
e 15 16 4
e 16 17 4
e 17 18 4
e 18 19 4
e 7 20 1
e 20 21 4
e 21 22 4
e 22 23 4
e 23 24 4
e 6 1 4
e 13 8 4
e 19 14 4
e 24 20 4

t # 0 158
v 0 6
v 1 6
v 2 6
v 3 6
v 4 6
v 5 6
v 6 6
v 7 7
v 8 6
v 9 6
v 10 7
v 11 6
v 12 6
v 13 6
v 14 6
v 15 6
v 16 7
v 17 7
v 18 6
v 19 6
v 20 6
v 21 6
v 22 6
v 23 7
e 0 1 1
e 1 2 4
e 2 3 4
e 3 4 4
e 4 5 4
e 5 6 4
e 6 7 1
e 7 8 1
e 8 9 1
e 9 10 1
e 10 11 1
e 11 12 1
e 10 13 1
e 13 14 1
e 14 15 1
e 15 16 4
e 16 17 4
e 17 18 4
e 18 19 1
e 19 20 1
e 20 21 1
e 21 22 1
e 22 23 1
e 6 1 4
e 12 7 1
e 23 15 4
e 23 18 4

t # 0 226
v 0 6
v 1 6
v 2 6
v 3 7
v 4 6
v 5 6
v 6 6
v 7 6
v 8 7
v 9 6
v 10 7
v 11 6
v 12 6
v 13 7
v 14 6
v 15 6
v 16 6
v 17 8
v 18 6
v 19 6
v 20 6
v 21 6
v 22 6
v 23 7
v 24 16
v 25 6
v 26 8
v 27 8
v 28 6
v 29 6
v 30 6
v 31 7
e 0 1 1
e 1 2 1
e 1 3 1
e 3 4 1
e 4 5 4
e 5 6 4
e 6 7 4
e 7 8 4
e 8 9 4
e 9 10 1
e 10 11 1
e 11 12 1
e 12 13 1
e 13 14 1
e 14 15 1
e 13 16 1
e 16 17 2
e 16 18 1
e 18 19 4
e 19 20 4
e 20 21 4
e 21 22 4
e 22 23 1
e 23 24 1
e 24 25 1
e 24 26 2
e 24 27 2
e 22 28 4
e 28 29 4
e 29 30 4
e 30 31 4
e 9 4 4
e 15 10 1
e 30 20 4
e 31 18 4

t # 0 114
v 0 6
v 1 6
v 2 6
v 3 6
v 4 6
v 5 6
v 6 6
v 7 6
v 8 6
v 9 7
v 10 6
v 11 7
v 12 6
v 13 6
e 0 1 1
e 1 2 4
e 2 3 4
e 3 4 4
e 4 5 4
e 5 6 1
e 6 7 1
e 7 8 4
e 8 9 4
e 9 10 4
e 10 11 4
e 5 12 4
e 12 13 1
e 11 7 4
e 12 1 4

t # 0 180
v 0 6
v 1 6
v 2 6
v 3 7
v 4 6
v 5 6
v 6 8
v 7 6
v 8 6
v 9 6
v 10 6
v 11 8
v 12 7
v 13 6
v 14 6
v 15 6
v 16 6
v 17 6
v 18 6
v 19 6
v 20 6
v 21 6
v 22 6
v 23 6
v 24 6
v 25 6
v 26 6
v 27 6
v 28 6
e 0 1 1
e 1 2 1
e 2 3 1
e 3 4 1
e 4 5 1
e 5 6 1
e 6 7 1
e 7 8 1
e 1 9 1
e 9 10 1
e 10 11 2
e 10 12 1
e 12 13 1
e 13 14 1
e 14 15 1
e 15 16 1
e 9 17 1
e 17 18 4
e 18 19 4
e 19 20 4
e 20 21 4
e 21 22 4
e 9 23 1
e 23 24 4
e 24 25 4
e 25 26 4
e 26 27 4
e 27 28 4
e 8 3 1
e 16 12 1
e 22 17 4
e 28 23 4

t # 0 233
v 0 6
v 1 8
v 2 6
v 3 6
v 4 6
v 5 6
v 6 6
v 7 6
v 8 6
v 9 7
v 10 6
v 11 7
v 12 7
v 13 6
v 14 7
v 15 6
v 16 6
v 17 8
v 18 6
e 0 1 1
e 1 2 1
e 2 3 4
e 3 4 4
e 4 5 4
e 5 6 1
e 6 7 1
e 7 8 4
e 8 9 4
e 9 10 4
e 10 11 1
e 10 12 4
e 12 13 4
e 13 14 1
e 5 15 4
e 15 16 4
e 16 17 1
e 17 18 1
e 13 7 4
e 16 2 4

t # 0 116
v 0 6
v 1 7
v 2 6
v 3 6
v 4 6
v 5 7
v 6 6
v 7 8
v 8 6
v 9 6
v 10 6
v 11 6
v 12 6
v 13 6
v 14 7
v 15 6
v 16 6
v 17 6
v 18 6
v 19 6
v 20 6
v 21 6
e 0 1 1
e 1 2 1
e 1 3 1
e 3 4 1
e 4 5 1
e 5 6 1
e 6 7 2
e 6 8 1
e 8 9 4
e 9 10 4
e 10 11 4
e 11 12 4
e 12 13 4
e 13 14 1
e 14 15 1
e 14 16 1
e 16 17 4
e 17 18 4
e 18 19 4
e 19 20 4
e 20 21 4
e 13 8 4
e 21 5 1
e 21 16 4

t # 0 122
v 0 8
v 1 6
v 2 6
v 3 6
v 4 6
v 5 6
v 6 6
v 7 6
v 8 6
v 9 6
v 10 6
v 11 6
v 12 6
v 13 6
v 14 6
v 15 7
v 16 6
v 17 6
v 18 6
v 19 6
v 20 6
v 21 7
e 0 1 2
e 1 2 1
e 2 3 1
e 3 4 4
e 4 5 4
e 5 6 4
e 6 7 4
e 7 8 4
e 6 9 1
e 9 10 4
e 10 11 4
e 11 12 4
e 12 13 4
e 13 14 4
e 1 15 1
e 15 16 1
e 16 17 4
e 17 18 4
e 18 19 4
e 19 20 4
e 20 21 4
e 8 3 4
e 14 9 4
e 21 16 4

t # 0 106
v 0 8
v 1 6
v 2 6
v 3 7
v 4 6
v 5 6
v 6 6
v 7 6
v 8 6
v 9 6
v 10 6
v 11 6
v 12 6
v 13 6
v 14 6
v 15 6
v 16 6
v 17 6
v 18 6
v 19 6
v 20 6
v 21 6
e 0 1 1
e 1 2 1
e 2 3 1
e 3 4 1
e 4 5 1
e 5 6 1
e 6 7 1
e 7 8 1
e 8 9 1
e 9 10 1
e 10 11 4
e 11 12 4
e 12 13 4
e 13 14 4
e 14 15 4
e 9 16 1
e 16 17 4
e 17 18 4
e 18 19 4
e 19 20 4
e 20 21 4
e 8 3 1
e 15 10 4
e 21 16 4

t # 0 86.8
v 0 17
v 1 6
v 2 6
v 3 6
v 4 6
v 5 6
v 6 8
v 7 6
v 8 6
v 9 7
v 10 6
v 11 6
v 12 7
v 13 6
v 14 6
v 15 6
v 16 6
v 17 6
v 18 17
v 19 6
v 20 6
v 21 17
v 22 6
v 23 6
e 0 1 1
e 1 2 4
e 2 3 4
e 3 4 4
e 4 5 1
e 5 6 1
e 6 7 1
e 7 8 1
e 8 9 1
e 9 10 4
e 10 11 4
e 11 12 4
e 12 13 4
e 7 14 1
e 14 15 4
e 15 16 4
e 16 17 4
e 17 18 1
e 17 19 4
e 19 20 4
e 20 21 1
e 4 22 4
e 22 23 4
e 13 9 4
e 20 14 4
e 23 1 4

t # 0 156
v 0 8
v 1 6
v 2 8
v 3 6
v 4 16
v 5 6
v 6 6
v 7 8
v 8 7
v 9 6
v 10 6
v 11 6
v 12 16
v 13 6
v 14 8
e 0 1 1
e 1 2 2
e 1 3 1
e 3 4 1
e 4 5 1
e 5 6 1
e 6 7 2
e 6 8 1
e 8 9 1
e 9 10 1
e 10 11 1
e 11 12 1
e 12 13 1
e 13 14 2
e 13 9 1

t # 0 135
v 0 6
v 1 6
v 2 6
v 3 8
v 4 6
v 5 8
v 6 6
v 7 6
v 8 6
v 9 8
v 10 6
v 11 6
v 12 6
v 13 6
v 14 8
v 15 6
v 16 6
v 17 8
v 18 6
v 19 6
v 20 8
v 21 6
v 22 6
v 23 6
v 24 8
v 25 6
v 26 8
v 27 6
v 28 6
v 29 6
v 30 6
v 31 6
v 32 8
v 33 7
v 34 6
v 35 6
v 36 6
v 37 6
v 38 8
v 39 6
v 40 6
v 41 6
v 42 6
v 43 8
v 44 6
v 45 6
v 46 6
v 47 8
v 48 6
v 49 6
v 50 8
e 0 1 1
e 1 2 1
e 2 3 1
e 3 4 1
e 4 5 2
e 4 6 1
e 6 7 1
e 6 8 1
e 8 9 1
e 9 10 1
e 10 11 1
e 11 12 1
e 12 13 1
e 12 14 1
e 14 15 1
e 12 16 1
e 16 17 1
e 16 18 1
e 18 19 1
e 18 20 1
e 8 21 1
e 21 22 1
e 21 23 1
e 23 24 1
e 24 25 1
e 25 26 1
e 26 27 1
e 27 28 1
e 27 29 1
e 29 30 1
e 30 31 1
e 31 32 1
e 30 33 1
e 33 34 1
e 33 35 1
e 23 36 1
e 36 37 1
e 36 38 1
e 36 39 1
e 39 40 1
e 40 41 1
e 40 42 1
e 42 43 2
e 42 44 1
e 44 45 1
e 44 46 1
e 46 47 1
e 46 48 1
e 48 49 1
e 48 50 1
e 20 10 1
e 31 25 1
e 48 2 1

t # 0 141
v 0 6
v 1 6
v 2 6
v 3 6
v 4 6
v 5 6
v 6 6
v 7 6
v 8 6
v 9 6
v 10 6
v 11 8
v 12 6
v 13 6
v 14 6
v 15 6
v 16 6
v 17 6
v 18 6
v 19 8
v 20 6
v 21 6
e 0 1 1
e 1 2 1
e 2 3 1
e 3 4 1
e 4 5 1
e 5 6 1
e 6 7 1
e 7 8 1
e 8 9 4
e 9 10 4
e 10 11 1
e 10 12 4
e 12 13 4
e 13 14 4
e 5 15 1
e 15 16 1
e 16 17 1
e 17 18 1
e 18 19 1
e 18 20 1
e 20 21 3
e 14 4 1
e 14 8 4
e 15 1 1
e 18 1 1

t # 0 78
v 0 6
v 1 6
v 2 7
v 3 6
v 4 7
v 5 16
v 6 6
v 7 6
v 8 6
v 9 6
v 10 6
v 11 6
e 0 1 1
e 1 2 1
e 2 3 1
e 3 4 4
e 4 5 4
e 5 6 4
e 6 7 4
e 7 8 4
e 8 9 4
e 9 10 4
e 10 11 4
e 11 3 4
e 11 6 4

t # 0 163
v 0 7
v 1 6
v 2 7
v 3 7
v 4 6
v 5 7
v 6 6
v 7 6
v 8 16
v 9 6
v 10 6
v 11 6
v 12 7
v 13 7
v 14 16
v 15 7
v 16 8
v 17 8
v 18 6
v 19 16
e 0 1 1
e 1 2 1
e 1 3 2
e 3 4 1
e 4 5 4
e 5 6 4
e 6 7 1
e 7 8 1
e 8 9 1
e 9 10 1
e 10 11 1
e 11 12 1
e 11 13 2
e 13 14 1
e 14 15 1
e 14 16 2
e 14 17 2
e 6 18 4
e 18 19 4
e 19 4 4

t # 0 129
v 0 6
v 1 8
v 2 6
v 3 6
v 4 8
v 5 7
v 6 6
v 7 6
v 8 6
v 9 16
v 10 6
v 11 6
v 12 6
v 13 6
v 14 6
v 15 6
v 16 6
v 17 6
v 18 6
v 19 7
v 20 6
v 21 7
v 22 6
v 23 8
v 24 8
v 25 6
v 26 7
v 27 6
v 28 8
v 29 8
v 30 6
e 0 1 1
e 1 2 1
e 2 3 1
e 3 4 2
e 3 5 1
e 5 6 1
e 6 7 4
e 7 8 4
e 8 9 1
e 9 10 1
e 10 11 4
e 11 12 4
e 12 13 4
e 13 14 4
e 14 15 4
e 8 16 4
e 16 17 4
e 17 18 4
e 18 19 1
e 19 20 2
e 20 21 1
e 21 22 1
e 22 23 2
e 22 24 1
e 24 25 1
e 20 26 1
e 26 27 1
e 27 28 2
e 27 29 1
e 29 30 1
e 15 10 4
e 18 6 4

t # 0 151
v 0 7
v 1 6
v 2 8
v 3 8
v 4 6
v 5 6
v 6 6
v 7 8
v 8 6
v 9 7
v 10 8
v 11 6
v 12 6
v 13 6
v 14 6
v 15 6
v 16 6
e 0 1 1
e 1 2 2
e 1 3 1
e 3 4 1
e 4 5 1
e 5 6 1
e 6 7 1
e 7 8 1
e 8 9 1
e 8 10 2
e 5 11 1
e 11 12 4
e 12 13 4
e 13 14 4
e 14 15 4
e 15 16 4
e 16 11 4

t # 0 145
v 0 6
v 1 6
v 2 8
v 3 6
v 4 8
v 5 6
v 6 6
v 7 6
v 8 7
v 9 6
v 10 6
v 11 6
v 12 6
v 13 6
v 14 6
v 15 6
v 16 6
v 17 17
v 18 6
v 19 17
v 20 6
v 21 8
v 22 8
v 23 6
v 24 6
e 0 1 1
e 1 2 1
e 2 3 1
e 3 4 2
e 3 5 1
e 5 6 2
e 6 7 1
e 6 8 1
e 8 9 1
e 9 10 2
e 10 11 1
e 11 12 1
e 12 13 4
e 13 14 4
e 14 15 4
e 15 16 4
e 16 17 1
e 16 18 4
e 18 19 1
e 10 20 1
e 20 21 2
e 20 22 1
e 22 23 1
e 9 24 1
e 11 5 1
e 18 12 4

t # 0 41
v 0 6
v 1 6
v 2 6
v 3 7
v 4 6
v 5 6
v 6 6
v 7 6
v 8 6
v 9 6
v 10 6
v 11 6
v 12 6
v 13 6
v 14 6
v 15 6
v 16 6
v 17 6
v 18 6
v 19 6
v 20 6
e 0 1 1
e 1 2 1
e 2 3 1
e 3 4 1
e 4 5 1
e 3 6 1
e 6 7 1
e 7 8 1
e 8 9 1
e 9 10 4
e 10 11 4
e 11 12 4
e 12 13 4
e 13 14 4
e 8 15 1
e 15 16 4
e 16 17 4
e 17 18 4
e 18 19 4
e 19 20 4
e 5 0 1
e 14 9 4
e 20 15 4

t # 0 153
v 0 6
v 1 16
v 2 8
v 3 8
v 4 6
v 5 6
v 6 6
v 7 6
v 8 6
v 9 6
v 10 6
v 11 8
v 12 6
v 13 6
v 14 9
v 15 7
v 16 6
v 17 8
v 18 6
v 19 17
v 20 17
e 0 1 1
e 1 2 2
e 1 3 2
e 1 4 1
e 4 5 4
e 5 6 4
e 6 7 4
e 7 8 4
e 8 9 4
e 7 10 1
e 10 11 1
e 10 12 1
e 12 13 1
e 13 14 1
e 12 15 1
e 15 16 1
e 16 17 2
e 16 18 1
e 18 19 1
e 18 20 1
e 9 4 4

t # 0 67.5
v 0 6
v 1 8
v 2 6
v 3 6
v 4 6
v 5 6
v 6 6
v 7 6
v 8 7
v 9 6
v 10 6
v 11 7
v 12 6
v 13 6
v 14 6
v 15 6
v 16 8
v 17 6
v 18 6
v 19 6
v 20 6
v 21 9
v 22 6
v 23 6
v 24 6
v 25 6
e 0 1 1
e 1 2 1
e 2 3 4
e 3 4 4
e 4 5 4
e 5 6 4
e 6 7 4
e 7 8 1
e 8 9 1
e 9 10 1
e 10 11 1
e 11 12 1
e 12 13 1
e 13 14 1
e 14 15 1
e 15 16 2
e 15 17 1
e 17 18 4
e 18 19 4
e 19 20 4
e 20 21 1
e 20 22 4
e 22 23 4
e 11 24 1
e 24 25 1
e 7 2 4
e 23 17 4
e 25 8 1

t # 0 253
v 0 6
v 1 6
v 2 6
v 3 6
v 4 6
v 5 6
v 6 6
v 7 9
v 8 6
v 9 6
v 10 6
v 11 8
v 12 6
v 13 6
v 14 7
v 15 6
v 16 6
v 17 8
v 18 8
e 0 1 1
e 1 2 1
e 2 3 1
e 3 4 1
e 4 5 4
e 5 6 4
e 6 7 1
e 6 8 4
e 8 9 4
e 9 10 4
e 10 11 2
e 10 12 4
e 12 13 4
e 13 14 4
e 14 15 4
e 12 16 1
e 16 17 1
e 16 18 2
e 14 1 1
e 15 4 4
e 15 9 4

t # 0 115.5
v 0 9
v 1 6
v 2 9
v 3 9
v 4 6
v 5 6
v 6 6
v 7 6
v 8 6
v 9 6
v 10 6
v 11 6
v 12 7
v 13 6
v 14 8
v 15 6
v 16 8
e 0 1 1
e 1 2 1
e 1 3 1
e 1 4 1
e 4 5 4
e 5 6 4
e 6 7 4
e 7 8 4
e 8 9 4
e 7 10 1
e 10 11 1
e 11 12 1
e 12 13 1
e 13 14 2
e 13 15 1
e 15 16 1
e 9 4 4
e 16 10 1

t # 0 114
v 0 6
v 1 6
v 2 8
v 3 6
v 4 8
v 5 7
v 6 6
v 7 6
v 8 6
v 9 6
v 10 7
v 11 6
v 12 6
v 13 6
v 14 6
v 15 6
v 16 9
v 17 6
v 18 6
v 19 7
v 20 6
v 21 7
e 0 1 1
e 1 2 1
e 2 3 1
e 3 4 2
e 3 5 1
e 5 6 1
e 6 7 4
e 7 8 4
e 8 9 4
e 9 10 1
e 10 11 1
e 11 12 1
e 12 13 4
e 13 14 4
e 14 15 4
e 15 16 1
e 15 17 4
e 17 18 4
e 9 19 4
e 19 20 4
e 20 21 1
e 18 12 4
e 20 6 4

t # 0 118
v 0 9
v 1 6
v 2 6
v 3 6
v 4 6
v 5 6
v 6 6
v 7 6
v 8 7
v 9 6
v 10 6
v 11 8
v 12 7
v 13 6
v 14 6
v 15 6
v 16 6
v 17 6
v 18 6
v 19 6
v 20 6
v 21 17
v 22 6
v 23 6
e 0 1 1
e 1 2 4
e 2 3 4
e 3 4 4
e 4 5 4
e 5 6 4
e 6 7 1
e 7 8 2
e 8 9 1
e 9 10 1
e 10 11 2
e 10 12 1
e 12 13 1
e 13 14 1
e 14 15 1
e 15 16 1
e 12 17 1
e 17 18 4
e 18 19 4
e 19 20 4
e 20 21 1
e 20 22 4
e 22 23 4
e 6 1 4
e 16 14 1
e 23 7 1
e 23 17 4

t # 0 199
v 0 6
v 1 6
v 2 7
v 3 7
v 4 6
v 5 8
v 6 6
v 7 6
v 8 6
v 9 7
v 10 6
v 11 6
v 12 6
v 13 6
v 14 6
v 15 6
v 16 8
e 0 1 1
e 1 2 2
e 2 3 1
e 3 4 1
e 4 5 2
e 4 6 1
e 6 7 4
e 7 8 4
e 8 9 4
e 9 10 4
e 10 11 4
e 1 12 1
e 12 13 4
e 13 14 4
e 14 15 4
e 15 16 4
e 11 6 4
e 16 12 4

t # 0 61
v 0 6
v 1 6
v 2 6
v 3 6
v 4 6
v 5 6
v 6 6
v 7 8
v 8 6
v 9 6
v 10 6
v 11 6
v 12 6
v 13 6
v 14 6
v 15 8
v 16 8
v 17 6
e 0 1 1
e 1 2 4
e 2 3 4
e 3 4 4
e 4 5 1
e 4 6 4
e 6 7 1
e 7 8 1
e 8 9 1
e 9 10 1
e 10 11 1
e 11 12 1
e 11 13 1
e 11 14 1
e 14 15 1
e 14 16 2
e 6 17 4
e 17 1 4

t # 0 189
v 0 6
v 1 6
v 2 6
v 3 6
v 4 7
v 5 8
v 6 6
v 7 8
v 8 7
v 9 6
v 10 6
v 11 6
v 12 6
v 13 6
v 14 6
v 15 6
v 16 6
v 17 16
v 18 8
v 19 8
v 20 7
v 21 6
v 22 8
v 23 7
v 24 7
v 25 6
v 26 6
v 27 6
v 28 6
v 29 6
v 30 6
e 0 1 1
e 1 2 4
e 2 3 4
e 3 4 4
e 4 5 4
e 3 6 1
e 6 7 2
e 6 8 1
e 8 9 1
e 9 10 1
e 10 11 1
e 11 12 4
e 12 13 4
e 13 14 4
e 14 15 4
e 15 16 4
e 14 17 1
e 17 18 2
e 17 19 2
e 17 20 1
e 20 21 1
e 21 22 2
e 21 23 1
e 23 24 1
e 24 25 1
e 25 26 1
e 26 27 1
e 27 28 1
e 28 29 1
e 29 30 1
e 5 1 4
e 16 11 4
e 30 24 1

t # 0 169
v 0 6
v 1 8
v 2 6
v 3 6
v 4 6
v 5 6
v 6 17
v 7 6
v 8 6
v 9 6
v 10 8
v 11 7
v 12 6
v 13 6
v 14 6
v 15 6
v 16 6
v 17 6
v 18 6
v 19 6
v 20 16
v 21 8
v 22 8
v 23 7
v 24 6
v 25 8
v 26 7
v 27 6
v 28 6
v 29 6
v 30 6
v 31 6
v 32 6
e 0 1 1
e 1 2 1
e 2 3 4
e 3 4 4
e 4 5 4
e 5 6 1
e 5 7 4
e 7 8 4
e 8 9 1
e 9 10 2
e 9 11 1
e 11 12 1
e 12 13 1
e 13 14 1
e 14 15 4
e 15 16 4
e 16 17 4
e 17 18 4
e 18 19 4
e 17 20 1
e 20 21 2
e 20 22 2
e 20 23 1
e 23 24 1
e 24 25 2
e 24 26 1
e 26 27 1
e 27 28 1
e 28 29 1
e 29 30 1
e 30 31 1
e 31 32 1
e 8 2 4
e 19 14 4
e 32 27 1

t # 0 152
v 0 6
v 1 8
v 2 6
v 3 6
v 4 8
v 5 6
v 6 6
v 7 7
v 8 6
v 9 7
v 10 16
v 11 8
v 12 8
v 13 6
v 14 6
v 15 6
v 16 6
v 17 6
v 18 6
v 19 7
v 20 6
e 0 1 1
e 1 2 1
e 2 3 1
e 3 4 1
e 4 5 1
e 5 6 4
e 6 7 4
e 7 8 4
e 8 9 1
e 9 10 1
e 10 11 2
e 10 12 2
e 10 13 1
e 13 14 4
e 14 15 4
e 15 16 4
e 16 17 4
e 17 18 4
e 8 19 4
e 19 20 4
e 18 13 4
e 20 5 4

t # 0 219
v 0 6
v 1 8
v 2 6
v 3 6
v 4 6
v 5 8
v 6 6
v 7 6
v 8 6
v 9 6
v 10 8
v 11 6
v 12 6
v 13 17
v 14 6
v 15 8
v 16 6
v 17 6
v 18 6
v 19 8
v 20 6
v 21 6
v 22 6
v 23 8
e 0 1 1
e 1 2 1
e 2 3 2
e 3 4 1
e 4 5 2
e 4 6 1
e 6 7 1
e 7 8 1
e 7 9 1
e 9 10 1
e 10 11 1
e 11 12 4
e 12 13 1
e 12 14 4
e 14 15 1
e 15 16 1
e 14 17 4
e 17 18 4
e 18 19 1
e 19 20 1
e 18 21 4
e 21 22 1
e 22 23 2
e 9 2 1
e 21 11 4
e 22 9 1

t # 0 164
v 0 7
v 1 6
v 2 7
v 3 7
v 4 6
v 5 6
v 6 6
v 7 8
v 8 6
v 9 6
v 10 6
v 11 6
v 12 6
v 13 6
v 14 8
e 0 1 1
e 1 2 2
e 1 3 1
e 3 4 1
e 4 5 1
e 5 6 1
e 6 7 1
e 7 8 1
e 8 9 4
e 9 10 4
e 10 11 4
e 11 12 4
e 12 13 4
e 13 14 1
e 13 8 4
e 14 5 1

t # 0 148
v 0 8
v 1 6
v 2 6
v 3 6
v 4 7
v 5 6
v 6 6
v 7 6
v 8 6
v 9 8
v 10 6
v 11 6
v 12 6
v 13 6
v 14 9
v 15 6
v 16 6
v 17 6
v 18 6
v 19 6
v 20 6
v 21 6
v 22 6
v 23 17
v 24 6
v 25 6
e 0 1 1
e 1 2 1
e 2 3 1
e 3 4 1
e 4 5 1
e 5 6 1
e 6 7 1
e 7 8 1
e 8 9 2
e 8 10 1
e 10 11 4
e 11 12 4
e 12 13 4
e 13 14 1
e 13 15 4
e 15 16 4
e 4 17 1
e 17 18 1
e 1 19 1
e 19 20 4
e 20 21 4
e 21 22 4
e 22 23 1
e 22 24 4
e 24 25 4
e 16 10 4
e 18 1 1
e 25 19 4

t # 0 185
v 0 9
v 1 6
v 2 6
v 3 6
v 4 6
v 5 6
v 6 6
v 7 6
v 8 8
v 9 6
v 10 6
v 11 7
v 12 6
v 13 6
v 14 8
v 15 7
v 16 6
v 17 6
v 18 6
v 19 6
v 20 35
v 21 6
v 22 6
e 0 1 1
e 1 2 4
e 2 3 4
e 3 4 4
e 4 5 4
e 5 6 4
e 6 7 1
e 7 8 1
e 8 9 1
e 9 10 1
e 10 11 1
e 11 12 1
e 12 13 1
e 13 14 2
e 13 15 1
e 15 16 1
e 16 17 4
e 17 18 4
e 18 19 4
e 19 20 1
e 19 21 4
e 21 22 4
e 6 1 4
e 11 7 1
e 22 7 1
e 22 16 4

t # 0 267
v 0 7
v 1 16
v 2 8
v 3 8
v 4 6
v 5 6
v 6 6
v 7 6
v 8 7
v 9 6
v 10 7
v 11 16
v 12 8
v 13 8
v 14 6
v 15 6
v 16 17
e 0 1 1
e 1 2 2
e 1 3 2
e 1 4 1
e 4 5 4
e 5 6 4
e 6 7 4
e 7 8 1
e 8 9 1
e 9 10 1
e 10 11 1
e 11 12 2
e 11 13 2
e 7 14 4
e 14 15 4
e 15 16 1
e 11 6 1
e 15 4 4

t # 0 223
v 0 6
v 1 6
v 2 6
v 3 6
v 4 6
v 5 8
v 6 6
v 7 6
v 8 6
v 9 6
v 10 6
v 11 6
v 12 6
v 13 6
v 14 6
v 15 8
v 16 6
v 17 8
v 18 6
v 19 8
v 20 6
v 21 6
v 22 6
v 23 6
v 24 8
v 25 6
e 0 1 1
e 1 2 1
e 2 3 1
e 3 4 1
e 4 5 2
e 4 6 1
e 6 7 2
e 7 8 1
e 8 9 1
e 9 10 1
e 10 11 1
e 11 12 1
e 12 13 1
e 13 14 1
e 14 15 1
e 14 16 1
e 16 17 2
e 16 18 1
e 18 19 1
e 14 20 1
e 20 21 1
e 20 22 1
e 22 23 1
e 23 24 1
e 23 25 1
e 7 1 1
e 20 11 1
e 25 1 1
e 25 10 1

t # 0 272
v 0 7
v 1 16
v 2 8
v 3 8
v 4 6
v 5 6
v 6 6
v 7 6
v 8 7
v 9 6
v 10 7
v 11 16
v 12 8
v 13 8
v 14 6
v 15 6
v 16 6
v 17 9
v 18 9
v 19 9
e 0 1 1
e 1 2 2
e 1 3 2
e 1 4 1
e 4 5 4
e 5 6 4
e 6 7 4
e 7 8 1
e 8 9 1
e 9 10 1
e 10 11 1
e 11 12 2
e 11 13 2
e 7 14 4
e 14 15 4
e 15 16 1
e 16 17 1
e 16 18 1
e 16 19 1
e 11 6 1
e 15 4 4

t # 0 269
v 0 6
v 1 6
v 2 6
v 3 6
v 4 6
v 5 6
v 6 6
v 7 8
v 8 6
v 9 6
v 10 7
v 11 6
v 12 6
v 13 6
v 14 6
v 15 6
v 16 8
v 17 8
v 18 6
v 19 9
e 0 1 4
e 1 2 4
e 2 3 4
e 3 4 4
e 4 5 4
e 4 6 4
e 6 7 2
e 6 8 4
e 8 9 4
e 9 10 4
e 10 11 1
e 11 12 1
e 12 13 1
e 11 14 1
e 8 15 1
e 15 16 2
e 15 17 1
e 1 18 1
e 0 19 1
e 5 0 4
e 10 3 4
e 13 2 1

t # 0 75
v 0 6
v 1 6
v 2 6
v 3 6
v 4 6
v 5 6
v 6 6
v 7 6
v 8 6
v 9 6
v 10 6
v 11 6
v 12 6
v 13 8
v 14 8
e 0 1 1
e 1 2 1
e 1 3 1
e 3 4 1
e 4 5 4
e 5 6 4
e 6 7 4
e 7 8 4
e 8 9 4
e 7 10 1
e 10 11 1
e 10 12 1
e 12 13 1
e 12 14 2
e 9 4 4

t # 0 114
v 0 6
v 1 6
v 2 6
v 3 8
v 4 6
v 5 6
v 6 6
v 7 6
v 8 8
v 9 6
v 10 6
v 11 7
v 12 6
v 13 6
v 14 6
v 15 6
v 16 6
v 17 6
v 18 6
v 19 6
v 20 6
v 21 6
v 22 6
v 23 6
e 0 1 1
e 1 2 1
e 2 3 1
e 2 4 1
e 4 5 4
e 5 6 4
e 6 7 4
e 7 8 1
e 7 9 4
e 9 10 4
e 1 11 1
e 11 12 1
e 12 13 1
e 13 14 1
e 14 15 1
e 15 16 1
e 14 17 1
e 17 18 1
e 18 19 4
e 19 20 4
e 20 21 4
e 21 22 4
e 22 23 4
e 10 4 4
e 16 11 1
e 23 18 4

t # 0 208
v 0 8
v 1 6
v 2 7
v 3 6
v 4 6
v 5 6
v 6 7
v 7 6
v 8 6
v 9 6
v 10 6
v 11 6
v 12 6
v 13 7
v 14 6
v 15 6
v 16 6
v 17 6
v 18 6
v 19 6
v 20 6
v 21 6
v 22 6
v 23 6
v 24 6
v 25 6
e 0 1 2
e 1 2 1
e 2 3 1
e 3 4 1
e 4 5 1
e 5 6 1
e 6 7 1
e 7 8 1
e 6 9 1
e 9 10 1
e 10 11 1
e 11 12 4
e 12 13 4
e 13 14 4
e 14 15 4
e 15 16 4
e 16 17 4
e 17 18 4
e 18 19 4
e 1 20 1
e 20 21 4
e 21 22 4
e 22 23 4
e 23 24 4
e 24 25 4
e 8 3 1
e 19 11 4
e 19 14 4
e 25 20 4

t # 0 180
v 0 6
v 1 6
v 2 6
v 3 6
v 4 6
v 5 7
v 6 6
v 7 6
v 8 6
v 9 6
v 10 6
v 11 6
v 12 8
v 13 7
v 14 6
v 15 6
v 16 6
v 17 6
v 18 6
v 19 6
v 20 6
v 21 6
v 22 6
v 23 6
v 24 6
v 25 6
v 26 6
v 27 6
v 28 7
v 29 7
v 30 7
v 31 7
e 0 1 1
e 1 2 1
e 2 3 1
e 3 4 1
e 4 5 2
e 5 6 1
e 6 7 1
e 7 8 1
e 8 9 1
e 9 10 1
e 6 11 1
e 11 12 2
e 11 13 1
e 13 14 1
e 14 15 1
e 15 16 4
e 16 17 4
e 17 18 4
e 18 19 4
e 19 20 4
e 18 21 1
e 21 22 4
e 22 23 4
e 23 24 4
e 24 25 4
e 25 26 4
e 26 27 1
e 27 28 4
e 28 29 4
e 29 30 4
e 30 31 4
e 10 6 1
e 13 4 1
e 20 15 4
e 26 21 4
e 31 27 4

t # 0 171.4
v 0 7
v 1 7
v 2 6
v 3 8
v 4 6
v 5 6
v 6 6
v 7 7
v 8 6
v 9 6
e 0 1 1
e 1 2 1
e 2 3 2
e 2 4 1
e 4 5 4
e 5 6 4
e 6 7 4
e 7 8 4
e 8 9 4
e 9 4 4

t # 0 102.5
v 0 6
v 1 6
v 2 6
v 3 8
v 4 6
v 5 6
v 6 6
v 7 6
v 8 6
v 9 6
v 10 7
v 11 6
v 12 6
v 13 6
v 14 8
v 15 6
v 16 6
v 17 6
v 18 6
v 19 8
v 20 6
v 21 6
e 0 1 1
e 1 2 1
e 2 3 1
e 3 4 1
e 4 5 4
e 5 6 4
e 6 7 4
e 7 8 4
e 8 9 4
e 1 10 1
e 10 11 1
e 11 12 1
e 11 13 1
e 13 14 1
e 13 15 1
e 15 16 4
e 16 17 4
e 17 18 4
e 18 19 1
e 18 20 4
e 20 21 4
e 9 4 4
e 21 15 4

t # 0 156
v 0 6
v 1 6
v 2 6
v 3 8
v 4 6
v 5 6
v 6 6
v 7 7
v 8 6
v 9 6
v 10 6
v 11 6
v 12 6
v 13 6
v 14 6
v 15 6
v 16 8
v 17 6
e 0 1 1
e 1 2 1
e 2 3 2
e 2 4 1
e 4 5 1
e 5 6 1
e 6 7 1
e 7 8 1
e 7 9 1
e 9 10 1
e 4 11 1
e 11 12 4
e 12 13 4
e 13 14 4
e 14 15 4
e 15 16 1
e 15 17 4
e 10 4 1
e 17 11 4

t # 0 94
v 0 6
v 1 6
v 2 6
v 3 8
v 4 8
v 5 6
v 6 6
v 7 6
v 8 6
v 9 6
v 10 6
v 11 6
v 12 8
v 13 6
v 14 6
v 15 6
v 16 6
v 17 6
v 18 6
e 0 1 1
e 1 2 1
e 2 3 1
e 2 4 2
e 1 5 1
e 5 6 4
e 6 7 4
e 7 8 4
e 8 9 4
e 9 10 4
e 9 11 1
e 11 12 2
e 11 13 1
e 13 14 4
e 14 15 4
e 15 16 4
e 16 17 4
e 17 18 4
e 10 5 4
e 18 13 4

t # 0 142
v 0 6
v 1 6
v 2 8
v 3 6
v 4 8
v 5 6
v 6 16
v 7 6
v 8 6
v 9 6
v 10 7
v 11 6
v 12 6
v 13 16
v 14 6
v 15 8
v 16 8
e 0 1 1
e 1 2 1
e 2 3 1
e 3 4 2
e 3 5 1
e 5 6 1
e 6 7 1
e 7 8 1
e 8 9 1
e 9 10 1
e 10 11 1
e 11 12 1
e 12 13 1
e 11 14 1
e 14 15 1
e 14 16 2
e 13 9 1

t # 0 181
v 0 7
v 1 6
v 2 6
v 3 6
v 4 6
v 5 6
v 6 6
v 7 6
v 8 6
v 9 6
v 10 6
v 11 6
v 12 6
v 13 6
v 14 7
v 15 6
v 16 6
v 17 7
v 18 6
v 19 7
v 20 6
v 21 7
e 0 1 3
e 1 2 1
e 2 3 4
e 3 4 4
e 4 5 4
e 5 6 4
e 6 7 4
e 5 8 1
e 8 9 1
e 9 10 4
e 10 11 4
e 11 12 4
e 12 13 1
e 13 14 3
e 12 15 4
e 15 16 4
e 8 17 1
e 17 18 4
e 18 19 4
e 19 20 4
e 20 21 4
e 7 2 4
e 16 9 4
e 21 17 4

t # 0 126
v 0 6
v 1 6
v 2 8
v 3 6
v 4 6
v 5 17
v 6 6
v 7 6
v 8 6
v 9 6
v 10 17
v 11 6
v 12 7
v 13 6
v 14 6
v 15 7
e 0 1 1
e 1 2 1
e 2 3 1
e 3 4 4
e 4 5 1
e 4 6 4
e 6 7 4
e 7 8 4
e 8 9 4
e 9 10 1
e 1 11 1
e 11 12 2
e 12 13 1
e 13 14 1
e 14 15 1
e 9 3 4
e 15 11 1

t # 0 166
v 0 8
v 1 6
v 2 7
v 3 6
v 4 6
v 5 6
v 6 6
v 7 6
v 8 6
v 9 6
v 10 17
v 11 6
v 12 6
v 13 6
v 14 17
v 15 6
v 16 6
v 17 6
v 18 7
v 19 6
v 20 8
e 0 1 1
e 1 2 1
e 2 3 2
e 3 4 1
e 4 5 4
e 5 6 4
e 6 7 4
e 7 8 4
e 8 9 4
e 9 10 1
e 3 11 1
e 11 12 4
e 12 13 4
e 13 14 1
e 13 15 4
e 15 16 4
e 16 17 4
e 17 18 1
e 18 19 1
e 19 20 2
e 9 4 4
e 17 11 4
e 19 1 1

t # 0 238
v 0 17
v 1 6
v 2 6
v 3 6
v 4 6
v 5 6
v 6 6
v 7 6
v 8 7
v 9 6
v 10 6
v 11 6
v 12 6
v 13 6
v 14 6
v 15 6
v 16 6
v 17 6
v 18 7
v 19 7
e 0 1 1
e 1 2 4
e 2 3 4
e 3 4 4
e 4 5 4
e 5 6 4
e 4 7 1
e 7 8 4
e 8 9 4
e 9 10 4
e 10 11 4
e 11 12 4
e 12 13 4
e 13 14 4
e 14 15 4
e 15 16 4
e 16 17 4
e 17 18 4
e 18 19 4
e 6 1 4
e 15 10 4
e 18 9 4
e 19 7 4

t # 0 100
v 0 6
v 1 6
v 2 6
v 3 6
v 4 6
v 5 7
v 6 6
v 7 6
v 8 6
v 9 6
v 10 6
v 11 6
v 12 7
v 13 6
v 14 6
e 0 1 1
e 1 2 1
e 2 3 4
e 3 4 1
e 3 5 4
e 5 6 4
e 6 7 4
e 7 8 4
e 8 9 4
e 9 10 4
e 10 11 4
e 9 12 1
e 12 13 1
e 12 14 1
e 11 2 4
e 11 6 4

t # 0 224
v 0 6
v 1 6
v 2 8
v 3 8
v 4 6
v 5 6
v 6 6
v 7 8
v 8 6
v 9 6
v 10 6
v 11 6
v 12 6
v 13 6
v 14 6
v 15 6
v 16 6
v 17 6
v 18 6
v 19 8
v 20 6
v 21 6
v 22 6
v 23 6
v 24 6
v 25 6
v 26 6
v 27 6
v 28 6
e 0 1 1
e 1 2 2
e 1 3 1
e 3 4 1
e 4 5 1
e 5 6 1
e 5 7 2
e 4 8 1
e 8 9 2
e 8 10 1
e 10 11 1
e 11 12 1
e 12 13 1
e 13 14 2
e 14 15 1
e 14 16 1
e 16 17 2
e 17 18 1
e 18 19 2
e 18 20 1
e 20 21 1
e 21 22 1
e 22 23 1
e 22 24 1
e 24 25 1
e 25 26 1
e 26 27 1
e 27 28 1
e 22 16 1
e 24 12 1
e 27 4 1
e 27 11 1

t # 0 106
v 0 6
v 1 6
v 2 6
v 3 6
v 4 6
v 5 6
v 6 7
v 7 6
v 8 6
v 9 7
v 10 6
v 11 6
v 12 6
v 13 6
v 14 6
v 15 6
v 16 6
v 17 17
v 18 6
v 19 7
v 20 7
e 0 1 1
e 1 2 4
e 2 3 4
e 3 4 1
e 4 5 1
e 5 6 1
e 6 7 1
e 7 8 1
e 8 9 1
e 9 10 1
e 10 11 1
e 9 12 1
e 12 13 4
e 13 14 4
e 14 15 4
e 15 16 4
e 16 17 1
e 16 18 4
e 3 19 4
e 19 20 4
e 11 6 1
e 18 12 4
e 20 1 4

t # 0 100
v 0 6
v 1 6
v 2 6
v 3 7
v 4 6
v 5 6
v 6 8
v 7 6
v 8 6
v 9 6
v 10 8
v 11 6
v 12 6
v 13 8
v 14 6
e 0 1 1
e 1 2 1
e 1 3 1
e 3 4 1
e 4 5 1
e 5 6 1
e 5 7 1
e 7 8 4
e 8 9 4
e 9 10 1
e 9 11 4
e 11 12 4
e 12 13 1
e 12 14 4
e 14 7 4

t # 0 160
v 0 6
v 1 8
v 2 6
v 3 6
v 4 6
v 5 6
v 6 6
v 7 6
v 8 6
v 9 6
v 10 8
v 11 7
v 12 6
v 13 16
v 14 7
e 0 1 2
e 0 2 1
e 2 3 1
e 3 4 1
e 2 5 1
e 5 6 1
e 6 7 2
e 6 8 1
e 2 9 1
e 9 10 2
e 9 11 1
e 11 12 1
e 12 13 2
e 12 14 1
e 14 0 1

t # 0 156
v 0 6
v 1 6
v 2 16
v 3 6
v 4 6
v 5 6
v 6 6
v 7 6
v 8 6
v 9 6
v 10 6
v 11 6
v 12 7
v 13 6
v 14 6
v 15 7
e 0 1 1
e 1 2 4
e 2 3 4
e 3 4 4
e 4 5 4
e 5 6 4
e 6 7 4
e 7 8 4
e 8 9 4
e 9 10 1
e 10 11 1
e 11 12 2
e 12 13 1
e 13 14 1
e 14 15 1
e 8 3 4
e 9 1 4
e 15 11 1

t # 0 146.5
v 0 6
v 1 6
v 2 7
v 3 6
v 4 6
v 5 6
v 6 6
v 7 7
v 8 6
v 9 8
v 10 6
v 11 6
v 12 6
v 13 17
v 14 6
v 15 7
v 16 6
v 17 6
v 18 8
v 19 6
e 0 1 1
e 1 2 1
e 2 3 1
e 3 4 1
e 2 5 1
e 5 6 1
e 6 7 1
e 7 8 1
e 8 9 2
e 8 10 1
e 10 11 4
e 11 12 4
e 12 13 1
e 12 14 4
e 14 15 1
e 14 16 4
e 16 17 4
e 17 18 1
e 18 19 1
e 17 10 4

t # 0 170
v 0 6
v 1 16
v 2 8
v 3 8
v 4 6
v 5 6
v 6 6
v 7 6
v 8 16
v 9 6
v 10 6
v 11 6
v 12 6
v 13 6
v 14 6
v 15 7
v 16 6
v 17 6
v 18 6
v 19 7
v 20 6
v 21 6
v 22 6
v 23 6
v 24 6
v 25 6
v 26 7
v 27 8
v 28 6
v 29 6
e 0 1 1
e 1 2 2
e 1 3 2
e 1 4 1
e 4 5 4
e 5 6 4
e 6 7 4
e 7 8 1
e 8 9 1
e 9 10 4
e 10 11 4
e 11 12 4
e 12 13 4
e 13 14 4
e 14 15 1
e 15 16 1
e 16 17 1
e 17 18 1
e 18 19 1
e 19 20 1
e 20 21 1
e 21 22 1
e 22 23 1
e 23 24 1
e 22 25 1
e 25 26 1
e 25 27 2
e 15 28 1
e 28 29 4
e 14 9 4
e 24 19 1
e 28 7 4
e 29 4 4

t # 0 164
v 0 7
v 1 6
v 2 8
v 3 6
v 4 16
v 5 8
v 6 6
v 7 6
v 8 6
v 9 6
v 10 6
v 11 6
v 12 6
v 13 6
v 14 6
v 15 6
v 16 6
v 17 6
v 18 6
e 0 1 1
e 1 2 2
e 1 3 1
e 3 4 1
e 4 5 2
e 4 6 1
e 6 7 1
e 7 8 4
e 8 9 4
e 9 10 4
e 10 11 4
e 11 12 4
e 6 13 1
e 13 14 4
e 14 15 4
e 15 16 4
e 16 17 4
e 17 18 4
e 12 7 4
e 18 13 4

t # 0 180
v 0 6
v 1 6
v 2 6
v 3 6
v 4 6
v 5 7
v 6 6
v 7 6
v 8 6
v 9 6
v 10 6
v 11 7
v 12 6
v 13 6
v 14 8
v 15 6
v 16 6
v 17 6
v 18 8
v 19 6
e 0 1 1
e 1 2 1
e 2 3 4
e 3 4 1
e 3 5 4
e 5 6 4
e 6 7 1
e 7 8 1
e 8 9 1
e 9 10 1
e 10 11 1
e 11 12 1
e 12 13 1
e 13 14 1
e 14 15 1
e 15 16 1
e 9 17 1
e 17 18 2
e 17 19 1
e 16 11 1
e 19 2 4
e 19 6 4

t # 0 118
v 0 6
v 1 6
v 2 6
v 3 6
v 4 6
v 5 6
v 6 6
v 7 6
v 8 8
v 9 6
v 10 6
v 11 7
v 12 6
v 13 6
v 14 6
v 15 6
v 16 8
v 17 6
v 18 6
v 19 6
v 20 6
v 21 9
v 22 6
v 23 6
v 24 6
v 25 6
e 0 1 1
e 1 2 4
e 2 3 4
e 3 4 4
e 4 5 4
e 5 6 4
e 4 7 1
e 7 8 1
e 7 9 1
e 9 10 1
e 10 11 1
e 11 12 1
e 12 13 1
e 13 14 1
e 14 15 1
e 15 16 2
e 15 17 1
e 17 18 4
e 18 19 4
e 19 20 4
e 20 21 1
e 20 22 4
e 22 23 4
e 11 24 1
e 24 25 1
e 6 1 4
e 23 17 4
e 25 7 1

t # 0 149
v 0 6
v 1 6
v 2 6
v 3 8
v 4 6
v 5 6
v 6 7
v 7 6
v 8 6
v 9 6
v 10 6
v 11 7
v 12 6
v 13 7
v 14 6
v 15 6
v 16 6
v 17 6
v 18 6
v 19 6
v 20 6
v 21 8
v 22 6
v 23 6
v 24 6
v 25 6
v 26 6
v 27 6
e 0 1 1
e 1 2 1
e 2 3 1
e 3 4 1
e 4 5 1
e 5 6 1
e 6 7 1
e 7 8 1
e 8 9 4
e 9 10 1
e 9 11 4
e 11 12 1
e 11 13 4
e 13 14 1
e 14 15 4
e 15 16 4
e 16 17 4
e 17 18 4
e 18 19 4
e 13 20 4
e 20 21 2
e 2 22 1
e 22 23 4
e 23 24 4
e 24 25 4
e 25 26 4
e 26 27 4
e 6 1 1
e 19 14 4
e 20 8 4
e 27 22 4

t # 0 78
v 0 6
v 1 6
v 2 6
v 3 6
v 4 6
v 5 6
v 6 6
v 7 8
v 8 6
v 9 6
v 10 8
v 11 6
v 12 6
v 13 6
v 14 6
v 15 6
v 16 6
v 17 6
v 18 6
v 19 6
v 20 6
v 21 6
v 22 7
e 0 1 1
e 1 2 1
e 2 3 4
e 3 4 4
e 4 5 4
e 5 6 4
e 6 7 1
e 7 8 1
e 6 9 4
e 9 10 1
e 10 11 1
e 9 12 4
e 12 13 4
e 13 14 4
e 14 15 1
e 15 16 1
e 16 17 4
e 17 18 4
e 18 19 4
e 19 20 4
e 20 21 4
e 14 22 4
e 13 4 4
e 21 16 4
e 22 2 4

t # 0 280
v 0 6
v 1 8
v 2 6
v 3 6
v 4 6
v 5 6
v 6 6
v 7 6
v 8 6
v 9 6
v 10 8
v 11 6
v 12 6
v 13 6
v 14 6
v 15 6
v 16 6
v 17 6
v 18 6
v 19 8
v 20 6
v 21 6
v 22 6
v 23 6
e 0 1 1
e 1 2 1
e 2 3 1
e 3 4 1
e 4 5 1
e 4 6 1
e 6 7 1
e 7 8 1
e 8 9 1
e 9 10 1
e 9 11 1
e 11 12 3
e 6 13 1
e 13 14 1
e 14 15 1
e 15 16 1
e 16 17 4
e 17 18 4
e 18 19 1
e 18 20 4
e 20 21 4
e 21 22 4
e 22 23 1
e 9 4 1
e 22 16 4
e 23 2 1
e 23 13 1

t # 0 124
v 0 6
v 1 6
v 2 6
v 3 6
v 4 7
v 5 6
v 6 6
v 7 8
v 8 6
v 9 8
v 10 6
v 11 6
v 12 6
v 13 6
v 14 6
v 15 6
v 16 6
v 17 8
v 18 6
v 19 8
v 20 6
v 21 6
e 0 1 1
e 1 2 1
e 1 3 1
e 1 4 1
e 4 5 1
e 5 6 1
e 6 7 1
e 6 8 1
e 8 9 1
e 9 10 1
e 10 11 4
e 11 12 4
e 12 13 4
e 13 14 4
e 14 15 1
e 15 16 1
e 16 17 1
e 16 18 1
e 18 19 1
e 18 20 1
e 20 21 1
e 21 10 4
e 21 14 4

t # 0 152
v 0 6
v 1 8
v 2 6
v 3 6
v 4 6
v 5 6
v 6 6
v 7 6
v 8 6
v 9 6
v 10 6
v 11 6
v 12 6
v 13 6
v 14 6
v 15 8
v 16 8
e 0 1 1
e 1 2 1
e 2 3 4
e 3 4 4
e 4 5 4
e 5 6 4
e 6 7 4
e 7 8 4
e 8 9 4
e 9 10 4
e 10 11 4
e 7 12 1
e 12 13 1
e 12 14 1
e 14 15 1
e 14 16 2
e 10 5 4
e 11 2 4

t # 0 75
v 0 6
v 1 6
v 2 6
v 3 6
v 4 6
v 5 6
v 6 6
v 7 6
v 8 6
v 9 7
v 10 8
e 0 1 1
e 1 2 1
e 2 3 1
e 3 4 1
e 2 5 1
e 5 6 1
e 6 7 2
e 2 8 1
e 8 9 1
e 8 10 2

t # 0 88
v 0 8
v 1 6
v 2 7
v 3 6
v 4 16
v 5 7
v 6 6
e 0 1 1
e 1 2 1
e 2 3 1
e 3 4 2
e 3 5 1
e 5 6 1

t # 0 156
v 0 6
v 1 8
v 2 6
v 3 6
v 4 6
v 5 6
v 6 7
v 7 6
v 8 7
v 9 6
v 10 6
v 11 16
v 12 8
v 13 6
v 14 6
v 15 7
v 16 6
v 17 6
v 18 6
v 19 6
v 20 8
v 21 6
v 22 6
v 23 6
e 0 1 1
e 1 2 1
e 2 3 4
e 3 4 4
e 4 5 4
e 5 6 4
e 6 7 4
e 7 8 4
e 8 9 4
e 9 10 4
e 7 11 1
e 11 12 2
e 11 13 1
e 13 14 1
e 14 15 4
e 15 16 4
e 16 17 4
e 17 18 1
e 17 19 4
e 19 20 1
e 20 21 1
e 19 22 4
e 22 23 1
e 9 5 4
e 10 2 4
e 22 14 4

t # 0 345
v 0 8
v 1 6
v 2 8
v 3 6
v 4 6
v 5 6
v 6 8
v 7 7
v 8 6
v 9 8
v 10 7
e 0 1 1
e 1 2 2
e 1 3 1
e 3 4 4
e 4 5 4
e 5 6 2
e 5 7 4
e 7 8 4
e 8 9 2
e 8 10 4
e 10 3 4

t # 0 205
v 0 8
v 1 6
v 2 7
v 3 6
v 4 6
v 5 6
v 6 6
v 7 6
v 8 6
v 9 6
v 10 6
v 11 6
v 12 6
v 13 17
v 14 6
v 15 6
v 16 6
v 17 7
v 18 6
v 19 8
e 0 1 1
e 1 2 1
e 2 3 2
e 3 4 1
e 4 5 4
e 5 6 4
e 6 7 4
e 7 8 4
e 8 9 4
e 3 10 1
e 10 11 4
e 11 12 4
e 12 13 1
e 12 14 4
e 14 15 4
e 15 16 4
e 16 17 1
e 17 18 1
e 18 19 2
e 9 4 4
e 16 10 4
e 18 1 1

t # 0 230
v 0 6
v 1 6
v 2 6
v 3 8
v 4 6
v 5 6
v 6 6
v 7 6
v 8 7
v 9 6
v 10 7
v 11 6
v 12 8
v 13 8
v 14 6
v 15 7
v 16 6
v 17 6
e 0 1 1
e 1 2 1
e 2 3 1
e 3 4 1
e 4 5 4
e 5 6 4
e 6 7 4
e 7 8 4
e 8 9 4
e 9 10 1
e 10 11 1
e 11 12 2
e 11 13 1
e 13 14 1
e 9 15 4
e 15 16 4
e 16 17 4
e 16 7 4
e 17 4 4

t # 0 82
v 0 8
v 1 6
v 2 6
v 3 6
v 4 7
v 5 6
v 6 6
v 7 6
v 8 7
v 9 6
v 10 6
v 11 6
v 12 6
v 13 6
v 14 6
v 15 16
v 16 6
v 17 6
v 18 6
v 19 6
v 20 6
v 21 7
v 22 6
v 23 6
v 24 6
v 25 6
e 0 1 1
e 1 2 1
e 2 3 1
e 3 4 1
e 4 5 1
e 5 6 1
e 6 7 1
e 7 8 1
e 8 9 1
e 9 10 4
e 10 11 4
e 11 12 4
e 12 13 4
e 13 14 4
e 14 15 1
e 15 16 1
e 16 17 4
e 17 18 4
e 18 19 4
e 19 20 1
e 20 21 3
e 19 22 4
e 22 23 4
e 4 24 1
e 24 25 1
e 14 9 4
e 23 8 1
e 23 16 4
e 25 1 1

t # 0 94
v 0 8
v 1 6
v 2 6
v 3 7
v 4 6
v 5 6
v 6 7
v 7 6
v 8 6
v 9 6
v 10 7
v 11 6
v 12 6
v 13 6
v 14 6
v 15 6
v 16 6
v 17 16
v 18 6
v 19 6
v 20 6
v 21 6
v 22 17
v 23 6
v 24 6
v 25 6
v 26 6
e 0 1 1
e 1 2 1
e 2 3 1
e 3 4 1
e 4 5 1
e 5 6 1
e 6 7 1
e 7 8 1
e 8 9 1
e 9 10 1
e 10 11 1
e 11 12 4
e 12 13 4
e 13 14 4
e 14 15 4
e 15 16 4
e 16 17 1
e 17 18 1
e 18 19 4
e 19 20 4
e 20 21 4
e 21 22 1
e 21 23 4
e 23 24 4
e 6 25 1
e 25 26 1
e 16 11 4
e 24 10 1
e 24 18 4
e 26 3 1

t # 0 156
v 0 6
v 1 6
v 2 6
v 3 6
v 4 6
v 5 8
v 6 7
v 7 6
v 8 8
v 9 7
v 10 6
v 11 8
v 12 6
v 13 6
v 14 6
v 15 6
v 16 6
v 17 6
e 0 1 2
e 1 2 1
e 2 3 1
e 3 4 1
e 4 5 2
e 4 6 1
e 6 7 1
e 7 8 2
e 7 9 1
e 9 10 1
e 10 11 2
e 3 12 1
e 12 13 4
e 13 14 4
e 14 15 4
e 15 16 4
e 16 17 4
e 10 3 1
e 17 12 4

t # 0 48
v 0 6
v 1 6
v 2 7
v 3 6
v 4 6
v 5 6
v 6 6
v 7 16
v 8 6
v 9 8
v 10 7
v 11 6
v 12 6
v 13 6
v 14 6
v 15 6
v 16 6
v 17 6
v 18 6
v 19 6
v 20 6
v 21 6
v 22 6
e 0 1 1
e 1 2 1
e 2 3 1
e 3 4 1
e 2 5 1
e 5 6 1
e 6 7 1
e 7 8 1
e 8 9 2
e 8 10 1
e 10 11 1
e 11 12 4
e 12 13 4
e 13 14 4
e 14 15 4
e 15 16 4
e 10 17 1
e 17 18 4
e 18 19 4
e 19 20 4
e 20 21 4
e 21 22 4
e 16 11 4
e 22 17 4

t # 0 91
v 0 6
v 1 7
v 2 6
v 3 6
v 4 6
v 5 6
v 6 6
v 7 6
v 8 6
v 9 6
v 10 6
v 11 6
v 12 6
v 13 6
v 14 6
v 15 6
v 16 6
v 17 6
v 18 6
v 19 6
e 0 1 1
e 1 2 1
e 2 3 1
e 3 4 1
e 4 5 2
e 5 6 1
e 5 7 1
e 7 8 1
e 8 9 4
e 9 10 4
e 10 11 4
e 11 12 4
e 12 13 4
e 7 14 1
e 14 15 4
e 15 16 4
e 16 17 4
e 17 18 4
e 18 19 4
e 6 1 1
e 13 8 4
e 19 4 1
e 19 14 4

t # 0 100.5
v 0 6
v 1 6
v 2 8
v 3 6
v 4 6
v 5 6
v 6 6
v 7 7
v 8 6
v 9 8
v 10 6
v 11 7
v 12 6
v 13 6
e 0 1 1
e 1 2 1
e 2 3 1
e 3 4 4
e 4 5 4
e 5 6 4
e 6 7 1
e 7 8 1
e 8 9 2
e 8 10 1
e 10 11 1
e 6 12 4
e 12 13 4
e 13 3 4

t # 0 233
v 0 8
v 1 6
v 2 7
v 3 7
v 4 6
v 5 8
v 6 6
v 7 6
v 8 6
v 9 6
v 10 6
v 11 6
v 12 6
v 13 6
v 14 6
v 15 6
v 16 6
v 17 6
v 18 6
e 0 1 2
e 1 2 1
e 2 3 1
e 3 4 1
e 4 5 2
e 4 6 1
e 6 7 1
e 7 8 4
e 8 9 4
e 9 10 4
e 10 11 4
e 11 12 4
e 3 13 1
e 13 14 4
e 14 15 4
e 15 16 4
e 16 17 4
e 17 18 4
e 6 1 1
e 12 7 4
e 18 13 4

t # 0 170
v 0 6
v 1 6
v 2 6
v 3 7
v 4 6
v 5 6
v 6 8
v 7 6
v 8 8
v 9 6
v 10 6
v 11 6
v 12 6
v 13 6
v 14 7
v 15 6
v 16 6
v 17 6
e 0 1 1
e 1 2 1
e 1 3 1
e 3 4 1
e 4 5 1
e 5 6 1
e 5 7 1
e 7 8 1
e 8 9 1
e 9 10 4
e 10 11 4
e 11 12 4
e 12 13 4
e 13 14 4
e 14 15 4
e 15 16 4
e 16 17 4
e 17 9 4
e 17 13 4

t # 0 102
v 0 6
v 1 6
v 2 6
v 3 6
v 4 6
v 5 6
v 6 8
v 7 6
v 8 6
v 9 7
v 10 6
v 11 8
e 0 1 1
e 1 2 1
e 2 3 1
e 3 4 1
e 2 5 1
e 5 6 2
e 5 7 1
e 7 8 1
e 8 9 1
e 9 10 1
e 10 11 2
e 10 2 1

t # 0 106
v 0 35
v 1 6
v 2 6
v 3 6
v 4 8
v 5 7
v 6 6
v 7 6
v 8 7
v 9 6
v 10 6
v 11 6
v 12 8
v 13 6
v 14 6
v 15 35
e 0 1 1
e 1 2 1
e 2 3 1
e 3 4 2
e 3 5 1
e 5 6 1
e 6 7 1
e 7 8 1
e 8 9 1
e 9 10 1
e 8 11 1
e 11 12 2
e 11 13 1
e 13 14 1
e 14 15 1
e 10 5 1

t # 0 175
v 0 6
v 1 16
v 2 8
v 3 8
v 4 8
v 5 6
v 6 6
v 7 6
v 8 8
v 9 7
v 10 6
v 11 6
v 12 7
v 13 6
v 14 6
v 15 6
v 16 8
v 17 6
v 18 6
v 19 8
v 20 16
v 21 6
v 22 8
v 23 8
e 0 1 1
e 1 2 2
e 1 3 2
e 1 4 1
e 4 5 1
e 5 6 1
e 6 7 1
e 7 8 2
e 7 9 1
e 9 10 1
e 10 11 1
e 11 12 1
e 12 13 1
e 13 14 1
e 12 15 1
e 15 16 2
e 15 17 1
e 17 18 1
e 18 19 1
e 19 20 1
e 20 21 1
e 20 22 2
e 20 23 2
e 14 9 1

t # 0 86
v 0 6
v 1 6
v 2 8
v 3 6
v 4 8
v 5 6
v 6 6
v 7 16
v 8 6
v 9 7
v 10 6
v 11 6
v 12 6
v 13 6
v 14 6
v 15 6
v 16 8
v 17 7
v 18 6
v 19 6
e 0 1 1
e 1 2 1
e 2 3 1
e 3 4 2
e 3 5 1
e 5 6 2
e 6 7 1
e 7 8 1
e 8 9 1
e 9 10 1
e 10 11 1
e 11 12 1
e 12 13 1
e 13 14 1
e 8 15 1
e 15 16 2
e 15 17 1
e 17 18 1
e 18 19 1
e 14 9 1
e 17 6 1

t # 0 198
v 0 6
v 1 7
v 2 6
v 3 6
v 4 8
v 5 6
v 6 6
v 7 6
v 8 6
v 9 6
v 10 6
v 11 16
v 12 8
v 13 8
v 14 6
v 15 8
v 16 7
v 17 6
v 18 6
v 19 6
v 20 6
v 21 6
v 22 7
e 0 1 1
e 1 2 1
e 2 3 2
e 3 4 1
e 3 5 1
e 5 6 4
e 6 7 4
e 7 8 4
e 8 9 4
e 9 10 4
e 10 11 1
e 11 12 2
e 11 13 2
e 2 14 1
e 14 15 2
e 14 16 1
e 16 17 1
e 17 18 4
e 18 19 4
e 19 20 4
e 20 21 4
e 21 22 4
e 10 5 4
e 11 1 1
e 22 17 4

t # 0 119
v 0 6
v 1 8
v 2 6
v 3 6
v 4 6
v 5 6
v 6 6
v 7 8
v 8 6
v 9 6
v 10 8
v 11 6
v 12 6
v 13 8
v 14 8
v 15 6
v 16 6
v 17 6
v 18 6
v 19 6
v 20 6
v 21 6
v 22 8
v 23 6
v 24 8
v 25 6
v 26 6
v 27 6
v 28 8
v 29 6
v 30 6
v 31 8
v 32 6
v 33 6
v 34 8
v 35 6
v 36 6
v 37 7
e 0 1 1
e 1 2 1
e 2 3 4
e 3 4 4
e 4 5 4
e 5 6 4
e 6 7 1
e 7 8 1
e 6 9 4
e 9 10 1
e 10 11 1
e 4 12 1
e 12 13 2
e 12 14 1
e 14 15 1
e 15 16 1
e 16 17 4
e 17 18 4
e 18 19 4
e 19 20 4
e 20 21 1
e 21 22 1
e 22 23 1
e 23 24 2
e 23 25 1
e 25 26 4
e 26 27 4
e 27 28 1
e 28 29 1
e 27 30 4
e 30 31 1
e 31 32 1
e 30 33 4
e 33 34 1
e 34 35 1
e 33 36 4
e 20 37 4
e 9 2 4
e 36 25 4
e 37 16 4

t # 0 136
v 0 8
v 1 6
v 2 6
v 3 7
v 4 6
v 5 6
v 6 7
v 7 6
v 8 6
v 9 6
v 10 6
v 11 6
v 12 6
v 13 6
v 14 6
v 15 6
v 16 8
v 17 6
v 18 6
v 19 6
v 20 6
v 21 6
v 22 6
e 0 1 2
e 1 2 1
e 2 3 1
e 3 4 1
e 4 5 1
e 5 6 1
e 6 7 1
e 7 8 1
e 8 9 1
e 9 10 4
e 10 11 4
e 11 12 4
e 12 13 4
e 13 14 4
e 3 15 1
e 15 16 2
e 15 17 1
e 17 18 1
e 18 19 1
e 19 20 1
e 20 21 1
e 21 22 1
e 6 1 1
e 14 5 1
e 14 9 4
e 22 17 1

t # 0 285
v 0 6
v 1 8
v 2 6
v 3 6
v 4 6
v 5 7
v 6 6
v 7 7
v 8 6
v 9 7
v 10 6
v 11 6
v 12 6
v 13 8
v 14 6
v 15 7
v 16 6
v 17 6
v 18 7
v 19 6
v 20 6
v 21 6
v 22 8
v 23 6
v 24 6
v 25 6
v 26 6
v 27 8
e 0 1 1
e 1 2 1
e 2 3 4
e 3 4 4
e 4 5 4
e 5 6 4
e 6 7 4
e 7 8 4
e 8 9 1
e 8 10 4
e 10 11 4
e 11 12 4
e 12 13 1
e 13 14 1
e 6 15 1
e 15 16 1
e 16 17 1
e 17 18 1
e 18 19 1
e 19 20 1
e 18 21 1
e 21 22 2
e 21 23 1
e 23 24 4
e 24 25 4
e 25 26 4
e 26 27 4
e 10 4 4
e 12 2 4
e 20 15 1
e 27 23 4

t # 0 120
v 0 8
v 1 6
v 2 6
v 3 6
v 4 7
v 5 6
v 6 6
v 7 6
v 8 6
v 9 6
v 10 6
v 11 6
v 12 6
v 13 6
v 14 6
v 15 6
v 16 6
v 17 6
v 18 6
v 19 6
v 20 6
v 21 6
e 0 1 1
e 1 2 1
e 2 3 1
e 3 4 1
e 4 5 1
e 5 6 1
e 6 7 1
e 7 8 1
e 8 9 1
e 1 10 1
e 10 11 4
e 11 12 4
e 12 13 4
e 13 14 4
e 14 15 4
e 1 16 1
e 16 17 4
e 17 18 4
e 18 19 4
e 19 20 4
e 20 21 4
e 9 4 1
e 15 10 4
e 21 16 4

t # 0 60
v 0 6
v 1 6
v 2 6
v 3 7
v 4 6
v 5 6
v 6 6
v 7 6
v 8 6
v 9 6
v 10 16
v 11 6
v 12 6
v 13 6
v 14 6
v 15 6
v 16 6
v 17 7
v 18 6
v 19 6
e 0 1 1
e 1 2 1
e 2 3 1
e 3 4 1
e 4 5 4
e 5 6 4
e 6 7 4
e 7 8 4
e 8 9 4
e 9 10 1
e 10 11 1
e 11 12 4
e 12 13 4
e 13 14 4
e 14 15 4
e 15 16 4
e 1 17 1
e 17 18 1
e 17 19 1
e 9 4 4
e 16 3 1
e 16 11 4

t # 0 177
v 0 6
v 1 6
v 2 6
v 3 6
v 4 6
v 5 6
v 6 35
v 7 6
v 8 6
v 9 8
v 10 7
v 11 6
v 12 8
v 13 7
v 14 6
v 15 8
e 0 1 1
e 1 2 1
e 1 3 1
e 3 4 1
e 4 5 1
e 5 6 1
e 5 7 2
e 3 8 1
e 8 9 2
e 8 10 1
e 10 11 1
e 11 12 2
e 11 13 1
e 13 14 1
e 14 15 2
e 14 3 1

t # 0 75
v 0 6
v 1 6
v 2 6
v 3 8
v 4 8
v 5 6
v 6 6
v 7 6
v 8 6
v 9 6
v 10 6
v 11 6
v 12 6
v 13 6
v 14 6
v 15 6
v 16 7
v 17 6
v 18 6
v 19 6
v 20 6
v 21 6
v 22 6
v 23 6
v 24 6
e 0 1 1
e 1 2 1
e 2 3 2
e 2 4 1
e 4 5 1
e 5 6 1
e 6 7 1
e 7 8 4
e 8 9 4
e 9 10 4
e 10 11 4
e 11 12 4
e 5 13 1
e 13 14 1
e 13 15 1
e 15 16 1
e 16 17 1
e 16 18 1
e 5 19 1
e 19 20 4
e 20 21 4
e 21 22 4
e 22 23 4
e 23 24 4
e 12 7 4
e 24 19 4

t # 0 162
v 0 6
v 1 6
v 2 6
v 3 7
v 4 6
v 5 6
v 6 8
v 7 6
v 8 8
v 9 6
v 10 6
v 11 6
v 12 6
v 13 6
v 14 6
v 15 6
v 16 6
v 17 6
v 18 6
e 0 1 1
e 1 2 1
e 1 3 1
e 3 4 1
e 4 5 1
e 5 6 1
e 5 7 1
e 7 8 1
e 8 9 1
e 9 10 4
e 10 11 4
e 11 12 4
e 12 13 4
e 13 14 4
e 14 15 4
e 15 16 4
e 16 17 4
e 17 18 4
e 18 9 4
e 18 13 4

t # 0 189
v 0 7
v 1 6
v 2 8
v 3 6
v 4 6
v 5 7
v 6 6
v 7 6
v 8 7
e 0 1 1
e 1 2 2
e 1 3 1
e 3 4 4
e 4 5 4
e 5 6 4
e 6 7 4
e 7 8 4
e 8 3 4

t # 0 69
v 0 6
v 1 7
v 2 6
v 3 7
v 4 6
v 5 6
v 6 16
v 7 6
v 8 6
v 9 6
v 10 6
v 11 6
v 12 6
v 13 7
v 14 6
v 15 6
v 16 8
v 17 6
v 18 7
v 19 8
v 20 8
e 0 1 1
e 1 2 1
e 2 3 1
e 3 4 1
e 4 5 1
e 5 6 1
e 6 7 1
e 7 8 1
e 8 9 4
e 9 10 4
e 10 11 4
e 11 12 1
e 12 13 1
e 13 14 1
e 13 15 1
e 11 16 4
e 2 17 2
e 17 18 1
e 18 19 1
e 18 20 2
e 16 8 4

t # 0 157
v 0 8
v 1 6
v 2 8
v 3 6
v 4 6
v 5 6
v 6 6
v 7 6
v 8 6
v 9 8
e 0 1 1
e 1 2 2
e 1 3 1
e 3 4 4
e 4 5 4
e 5 6 4
e 6 7 4
e 7 8 4
e 8 9 1
e 8 3 4

t # 0 128
v 0 6
v 1 6
v 2 6
v 3 6
v 4 6
v 5 8
v 6 6
v 7 6
v 8 6
v 9 6
v 10 8
v 11 6
v 12 6
v 13 6
v 14 6
v 15 6
v 16 6
v 17 6
v 18 8
v 19 8
v 20 6
v 21 6
v 22 6
v 23 6
v 24 6
v 25 6
e 0 1 1
e 1 2 2
e 2 3 1
e 2 4 1
e 4 5 2
e 4 6 1
e 6 7 2
e 7 8 1
e 7 9 1
e 9 10 2
e 6 11 1
e 11 12 1
e 12 13 1
e 13 14 1
e 14 15 1
e 15 16 1
e 16 17 1
e 17 18 1
e 17 19 2
e 11 20 1
e 20 21 4
e 21 22 4
e 22 23 4
e 23 24 4
e 24 25 4
e 9 1 1
e 25 20 4

t # 0 146
v 0 17
v 1 6
v 2 6
v 3 6
v 4 6
v 5 6
v 6 6
v 7 7
v 8 6
v 9 6
v 10 7
v 11 6
v 12 8
v 13 6
v 14 6
v 15 6
v 16 16
v 17 6
v 18 6
v 19 17
v 20 6
v 21 6
v 22 6
v 23 6
v 24 6
v 25 17
v 26 6
e 0 1 1
e 1 2 4
e 2 3 4
e 3 4 4
e 4 5 1
e 5 6 1
e 6 7 1
e 7 8 4
e 8 9 4
e 9 10 4
e 10 11 4
e 5 12 1
e 12 13 1
e 13 14 1
e 14 15 4
e 15 16 4
e 16 17 4
e 17 18 4
e 18 19 1
e 18 20 4
e 20 21 4
e 21 22 4
e 22 23 4
e 4 24 4
e 24 25 1
e 24 26 4
e 11 7 4
e 23 14 4
e 23 17 4
e 26 1 4

t # 0 190
v 0 9
v 1 6
v 2 6
v 3 6
v 4 6
v 5 6
v 6 6
v 7 6
v 8 8
v 9 6
v 10 6
v 11 6
v 12 7
v 13 6
v 14 6
v 15 6
v 16 6
v 17 6
v 18 7
v 19 6
v 20 7
v 21 6
v 22 8
v 23 6
v 24 6
v 25 6
v 26 6
v 27 6
v 28 6
e 0 1 1
e 1 2 4
e 2 3 4
e 3 4 4
e 4 5 4
e 5 6 4
e 4 7 1
e 7 8 2
e 7 9 1
e 9 10 1
e 10 11 1
e 11 12 1
e 12 13 1
e 13 14 1
e 14 15 1
e 15 16 1
e 16 17 1
e 15 18 1
e 18 19 1
e 19 20 1
e 20 21 1
e 21 22 2
e 18 23 1
e 23 24 4
e 24 25 4
e 25 26 4
e 26 27 4
e 27 28 4
e 6 1 4
e 17 12 1
e 21 15 1
e 28 23 4

t # 0 157
v 0 7
v 1 6
v 2 6
v 3 6
v 4 6
v 5 6
v 6 6
v 7 16
v 8 8
v 9 8
v 10 6
v 11 6
v 12 6
v 13 6
v 14 7
v 15 6
v 16 8
v 17 6
v 18 6
v 19 6
v 20 8
v 21 8
v 22 6
v 23 6
e 0 1 1
e 1 2 4
e 2 3 4
e 3 4 4
e 4 5 4
e 5 6 4
e 4 7 1
e 7 8 2
e 7 9 2
e 7 10 1
e 10 11 4
e 11 12 4
e 12 13 4
e 13 14 1
e 14 15 1
e 15 16 2
e 15 17 1
e 17 18 1
e 18 19 1
e 19 20 1
e 19 21 2
e 13 22 4
e 22 23 4
e 6 1 4
e 23 10 4

t # 0 234
v 0 6
v 1 6
v 2 6
v 3 6
v 4 7
v 5 6
v 6 7
v 7 16
v 8 8
v 9 8
v 10 6
v 11 6
v 12 6
v 13 6
v 14 7
v 15 6
v 16 6
v 17 7
e 0 1 1
e 1 2 4
e 2 3 4
e 3 4 4
e 4 5 4
e 5 6 1
e 6 7 1
e 7 8 2
e 7 9 2
e 7 10 1
e 10 11 4
e 11 12 4
e 12 13 4
e 13 14 1
e 13 15 4
e 15 16 4
e 5 17 4
e 16 10 4
e 17 1 4

t # 0 178
v 0 6
v 1 6
v 2 7
v 3 6
v 4 6
v 5 6
v 6 6
v 7 6
v 8 7
v 9 6
v 10 8
v 11 6
v 12 6
v 13 6
v 14 6
v 15 6
v 16 6
v 17 8
v 18 6
v 19 16
v 20 7
v 21 8
v 22 8
e 0 1 1
e 1 2 1
e 2 3 1
e 3 4 1
e 4 5 1
e 5 6 1
e 6 7 1
e 7 8 1
e 8 9 1
e 9 10 2
e 9 11 1
e 11 12 4
e 12 13 4
e 13 14 4
e 14 15 4
e 15 16 4
e 16 17 1
e 17 18 1
e 13 19 1
e 19 20 1
e 19 21 2
e 19 22 2
e 6 2 1
e 16 11 4

t # 0 96
v 0 6
v 1 6
v 2 6
v 3 6
v 4 6
v 5 6
v 6 6
v 7 6
v 8 6
v 9 6
v 10 6
v 11 6
v 12 6
v 13 6
v 14 8
v 15 6
v 16 6
v 17 7
v 18 6
v 19 6
v 20 6
v 21 6
v 22 6
v 23 6
v 24 6
v 25 6
v 26 6
v 27 6
e 0 1 1
e 1 2 1
e 2 3 2
e 3 4 1
e 4 5 4
e 5 6 4
e 6 7 4
e 7 8 4
e 8 9 4
e 3 10 1
e 10 11 4
e 11 12 4
e 12 13 4
e 13 14 1
e 14 15 1
e 15 16 1
e 16 17 1
e 17 18 1
e 17 19 1
e 13 20 4
e 20 21 4
e 2 22 1
e 22 23 4
e 23 24 4
e 24 25 4
e 25 26 4
e 26 27 4
e 9 4 4
e 21 10 4
e 27 22 4

t # 0 154
v 0 8
v 1 16
v 2 8
v 3 6
v 4 6
v 5 7
v 6 6
v 7 7
v 8 6
v 9 7
v 10 6
v 11 6
v 12 16
v 13 8
v 14 8
v 15 7
v 16 6
e 0 1 2
e 1 2 2
e 1 3 1
e 3 4 1
e 4 5 1
e 5 6 1
e 6 7 1
e 5 8 1
e 8 9 1
e 9 10 1
e 10 11 1
e 11 12 1
e 12 13 2
e 12 14 2
e 12 15 1
e 15 16 1
e 7 1 1
e 16 9 1

t # 0 270
v 0 6
v 1 7
v 2 6
v 3 8
v 4 7
v 5 6
v 6 6
v 7 7
v 8 6
v 9 7
v 10 6
v 11 6
v 12 8
e 0 1 1
e 1 2 4
e 2 3 2
e 2 4 4
e 4 5 1
e 4 6 4
e 6 7 4
e 7 8 4
e 8 9 4
e 9 10 4
e 10 11 4
e 11 12 2
e 10 6 4
e 11 1 4

t # 0 148
v 0 6
v 1 6
v 2 6
v 3 6
v 4 6
v 5 6
v 6 6
v 7 6
v 8 6
v 9 6
v 10 6
v 11 8
v 12 7
v 13 6
v 14 16
v 15 7
v 16 6
v 17 8
e 0 1 2
e 1 2 1
e 2 3 1
e 3 4 1
e 4 5 1
e 5 6 1
e 6 7 1
e 7 8 1
e 8 9 2
e 3 10 1
e 10 11 2
e 10 12 1
e 12 13 1
e 13 14 2
e 13 15 1
e 15 16 1
e 16 17 2
e 9 4 1
e 16 3 1

t # 0 133
v 0 6
v 1 7
v 2 6
v 3 6
v 4 7
v 5 6
v 6 8
v 7 6
v 8 8
v 9 6
v 10 6
v 11 6
v 12 6
v 13 6
v 14 6
e 0 1 1
e 1 2 1
e 1 3 1
e 3 4 2
e 4 5 1
e 5 6 2
e 5 7 1
e 7 8 1
e 7 9 1
e 9 10 4
e 10 11 4
e 11 12 4
e 12 13 4
e 13 14 4
e 8 3 1
e 14 9 4

t # 0 164
v 0 6
v 1 8
v 2 6
v 3 6
v 4 6
v 5 6
v 6 6
v 7 6
v 8 6
v 9 6
v 10 6
v 11 6
v 12 6
v 13 9
v 14 9
v 15 9
v 16 6
v 17 16
v 18 7
v 19 6
v 20 6
v 21 6
v 22 8
v 23 8
e 0 1 1
e 1 2 1
e 2 3 4
e 3 4 4
e 4 5 4
e 5 6 4
e 6 7 4
e 7 8 4
e 8 9 4
e 9 10 4
e 10 11 4
e 11 12 1
e 12 13 1
e 12 14 1
e 12 15 1
e 6 16 1
e 16 17 2
e 16 18 1
e 18 19 1
e 18 20 1
e 20 21 1
e 21 22 1
e 21 23 2
e 10 5 4
e 11 2 4

t # 0 108
v 0 6
v 1 7
v 2 6
v 3 6
v 4 6
v 5 8
v 6 6
v 7 6
v 8 6
v 9 6
v 10 6
v 11 6
v 12 6
v 13 6
v 14 6
v 15 6
v 16 17
v 17 6
v 18 6
v 19 6
v 20 6
v 21 6
v 22 6
v 23 6
v 24 6
v 25 6
v 26 6
v 27 6
v 28 6
e 0 1 1
e 1 2 1
e 1 3 1
e 3 4 1
e 4 5 1
e 5 6 1
e 6 7 4
e 7 8 4
e 8 9 4
e 9 10 4
e 10 11 4
e 9 12 1
e 12 13 2
e 13 14 1
e 14 15 1
e 15 16 1
e 13 17 1
e 17 18 4
e 18 19 4
e 19 20 4
e 20 21 4
e 21 22 4
e 12 23 1
e 23 24 4
e 24 25 4
e 25 26 4
e 26 27 4
e 27 28 4
e 11 6 4
e 22 17 4
e 28 23 4

t # 0 96
v 0 6
v 1 6
v 2 7
v 3 6
v 4 6
v 5 6
v 6 6
v 7 7
v 8 6
v 9 6
v 10 6
v 11 8
v 12 6
v 13 6
v 14 8
v 15 6
v 16 6
v 17 6
v 18 6
v 19 6
v 20 6
e 0 1 1
e 1 2 1
e 2 3 1
e 3 4 1
e 4 5 4
e 5 6 4
e 6 7 4
e 7 8 4
e 8 9 4
e 2 10 1
e 10 11 2
e 10 12 1
e 12 13 1
e 13 14 1
e 12 15 1
e 15 16 4
e 16 17 4
e 17 18 4
e 18 19 4
e 19 20 4
e 9 4 4
e 20 15 4

t # 0 164
v 0 7
v 1 6
v 2 6
v 3 6
v 4 6
v 5 6
v 6 6
v 7 8
v 8 6
v 9 6
e 0 1 1
e 1 2 1
e 2 3 1
e 3 4 4
e 4 5 4
e 5 6 4
e 6 7 1
e 6 8 4
e 8 9 4
e 9 3 4

t # 0 156
v 0 6
v 1 8
v 2 6
v 3 6
v 4 6
v 5 6
v 6 6
v 7 6
v 8 7
v 9 6
v 10 6
v 11 7
v 12 6
v 13 6
v 14 6
v 15 7
v 16 6
v 17 6
v 18 6
v 19 8
v 20 7
v 21 6
v 22 6
v 23 8
v 24 7
v 25 6
v 26 6
v 27 6
e 0 1 1
e 1 2 1
e 2 3 4
e 3 4 4
e 4 5 4
e 5 6 4
e 6 7 4
e 7 8 1
e 8 9 1
e 9 10 1
e 10 11 1
e 11 12 1
e 12 13 1
e 13 14 1
e 14 15 1
e 15 16 1
e 16 17 4
e 17 18 4
e 18 19 2
e 18 20 4
e 20 21 1
e 20 22 4
e 22 23 2
e 22 24 4
e 24 25 1
e 11 26 1
e 26 27 1
e 7 2 4
e 24 16 4
e 27 8 1

t # 0 116
v 0 6
v 1 6
v 2 6
v 3 6
v 4 6
v 5 8
v 6 7
v 7 6
v 8 6
v 9 6
v 10 6
v 11 6
v 12 6
v 13 6
v 14 6
v 15 6
v 16 6
v 17 6
v 18 6
v 19 6
v 20 6
v 21 7
v 22 7
v 23 7
v 24 7
v 25 6
v 26 6
v 27 6
v 28 6
v 29 6
v 30 8
v 31 8
e 0 1 1
e 1 2 1
e 2 3 1
e 3 4 1
e 4 5 2
e 4 6 1
e 6 7 1
e 7 8 1
e 8 9 4
e 9 10 4
e 10 11 4
e 11 12 4
e 12 13 4
e 11 14 1
e 14 15 4
e 15 16 4
e 16 17 4
e 17 18 4
e 18 19 4
e 19 20 1
e 20 21 4
e 21 22 4
e 22 23 4
e 23 24 4
e 6 25 1
e 25 26 1
e 26 27 1
e 26 28 1
e 25 29 1
e 29 30 1
e 29 31 2
e 13 8 4
e 19 14 4
e 24 20 4

t # 0 245
v 0 7
v 1 6
v 2 6
v 3 6
v 4 8
v 5 6
v 6 6
v 7 6
v 8 6
v 9 7
v 10 6
v 11 6
v 12 6
v 13 6
v 14 6
v 15 6
e 0 1 1
e 1 2 4
e 2 3 1
e 3 4 1
e 3 5 1
e 5 6 1
e 6 7 1
e 7 8 1
e 8 9 4
e 9 10 4
e 10 11 4
e 11 12 4
e 12 13 4
e 13 14 4
e 14 15 4
e 8 2 4
e 15 1 4
e 15 10 4

t # 0 90
v 0 6
v 1 6
v 2 6
v 3 6
v 4 6
v 5 6
v 6 6
v 7 6
v 8 6
v 9 8
v 10 7
v 11 6
v 12 8
v 13 7
v 14 6
v 15 8
e 0 1 1
e 1 2 1
e 2 3 1
e 3 4 1
e 3 5 1
e 5 6 1
e 6 7 2
e 5 8 1
e 8 9 2
e 8 10 1
e 10 11 1
e 11 12 2
e 11 13 1
e 13 14 1
e 14 15 2
e 14 5 1

t # 0 161
v 0 6
v 1 6
v 2 8
v 3 6
v 4 6
v 5 6
v 6 6
v 7 6
v 8 6
v 9 6
v 10 6
v 11 6
v 12 6
v 13 8
v 14 6
v 15 6
v 16 6
v 17 6
v 18 6
v 19 6
v 20 8
v 21 6
v 22 8
e 0 1 1
e 1 2 2
e 1 3 1
e 3 4 1
e 4 5 1
e 5 6 4
e 6 7 4
e 7 8 4
e 8 9 4
e 9 10 4
e 4 11 1
e 11 12 4
e 12 13 1
e 12 14 4
e 14 15 4
e 15 16 4
e 16 17 4
e 17 18 4
e 18 19 4
e 19 20 4
e 20 21 4
e 21 22 2
e 10 5 4
e 19 14 4
e 21 11 4

t # 0 57
v 0 6
v 1 6
v 2 6
v 3 6
v 4 6
v 5 6
v 6 8
v 7 6
v 8 6
v 9 8
v 10 6
v 11 7
v 12 6
v 13 6
v 14 6
v 15 6
v 16 6
v 17 6
e 0 1 1
e 1 2 4
e 2 3 4
e 3 4 4
e 4 5 4
e 5 6 1
e 6 7 1
e 7 8 1
e 8 9 1
e 8 10 1
e 10 11 1
e 11 12 1
e 12 13 1
e 12 14 1
e 12 15 1
e 5 16 4
e 16 17 1
e 16 1 4

t # 0 138
v 0 6
v 1 8
v 2 6
v 3 6
v 4 6
v 5 6
v 6 6
v 7 6
v 8 6
v 9 6
v 10 6
v 11 7
v 12 6
v 13 6
v 14 6
v 15 6
v 16 6
v 17 7
v 18 6
v 19 8
v 20 8
v 21 6
v 22 6
v 23 6
v 24 6
v 25 6
v 26 6
v 27 6
v 28 6
v 29 8
v 30 7
v 31 16
v 32 8
v 33 8
v 34 6
v 35 6
v 36 6
v 37 6
v 38 6
v 39 6
v 40 6
e 0 1 1
e 1 2 1
e 2 3 4
e 3 4 4
e 4 5 4
e 5 6 4
e 6 7 4
e 7 8 1
e 8 9 1
e 9 10 4
e 10 11 4
e 11 12 1
e 11 13 4
e 13 14 4
e 14 15 4
e 15 16 4
e 16 17 1
e 17 18 1
e 18 19 2
e 18 20 1
e 20 21 1
e 21 22 1
e 22 23 1
e 23 24 1
e 24 25 1
e 16 26 4
e 26 27 4
e 4 28 1
e 28 29 2
e 28 30 1
e 30 31 1
e 31 32 2
e 31 33 2
e 31 34 1
e 34 35 4
e 35 36 4
e 36 37 4
e 37 38 4
e 38 39 4
e 39 40 1
e 7 2 4
e 25 21 1
e 27 9 4
e 27 13 4
e 39 34 4

t # 0 83
v 0 6
v 1 8
v 2 6
v 3 6
v 4 7
v 5 6
v 6 6
v 7 7
v 8 6
v 9 6
v 10 6
v 11 6
v 12 8
v 13 6
v 14 8
v 15 6
v 16 6
v 17 6
v 18 6
v 19 6
v 20 6
v 21 6
v 22 6
v 23 6
v 24 6
v 25 6
v 26 6
v 27 6
e 0 1 1
e 1 2 1
e 2 3 1
e 3 4 1
e 4 5 1
e 5 6 1
e 6 7 1
e 7 8 1
e 8 9 1
e 7 10 1
e 10 11 1
e 11 12 1
e 11 13 1
e 13 14 1
e 14 15 1
e 13 16 1
e 16 17 4
e 17 18 4
e 18 19 4
e 19 20 4
e 20 21 4
e 2 22 1
e 22 23 4
e 23 24 4
e 24 25 4
e 25 26 4
e 26 27 4
e 9 4 1
e 21 16 4
e 27 22 4

t # 0 178
v 0 6
v 1 6
v 2 6
v 3 6
v 4 6
v 5 6
v 6 8
v 7 8
v 8 7
v 9 6
v 10 6
v 11 6
v 12 8
v 13 6
v 14 6
v 15 6
v 16 6
v 17 17
v 18 6
v 19 6
e 0 1 1
e 1 2 4
e 2 3 4
e 3 4 1
e 4 5 1
e 5 6 1
e 5 7 2
e 3 8 4
e 8 9 1
e 8 10 4
e 10 11 1
e 11 12 2
e 11 13 1
e 13 14 4
e 14 15 4
e 15 16 4
e 16 17 1
e 16 18 4
e 18 19 4
e 10 1 4
e 19 13 4

t # 0 197
v 0 8
v 1 6
v 2 8
v 3 6
v 4 6
v 5 7
v 6 7
v 7 6
v 8 6
v 9 7
v 10 6
v 11 6
v 12 6
v 13 6
v 14 6
v 15 6
v 16 16
v 17 6
v 18 9
v 19 9
v 20 9
v 21 6
v 22 8
v 23 6
v 24 6
v 25 6
v 26 6
v 27 6
v 28 6
e 0 1 1
e 1 2 2
e 1 3 1
e 3 4 1
e 4 5 4
e 5 6 4
e 6 7 1
e 7 8 1
e 8 9 4
e 9 10 4
e 10 11 4
e 11 12 4
e 12 13 4
e 13 14 4
e 14 15 4
e 15 16 4
e 12 17 1
e 17 18 1
e 17 19 1
e 17 20 1
e 6 21 4
e 21 22 2
e 21 23 4
e 23 24 4
e 24 25 4
e 25 26 4
e 26 27 4
e 27 28 4
e 15 10 4
e 16 8 4
e 28 4 4
e 28 23 4

t # 0 184
v 0 7
v 1 6
v 2 7
v 3 6
v 4 6
v 5 6
v 6 17
v 7 6
v 8 6
v 9 6
v 10 8
e 0 1 1
e 1 2 4
e 2 3 4
e 3 4 4
e 4 5 4
e 5 6 1
e 5 7 4
e 7 8 4
e 8 9 4
e 9 10 4
e 9 3 4
e 10 1 4
